105 7495
tevaduarzpxuhputzacomrfdfzlkmabitdubxtjgzlzjklyajvrahzofjfesisflmqfgwyjfscagmpjiciffpmanrvkdghdgqzhdsyxcz
1 67 77 189
2
1 60 74 284
2
1 47 90 44
2
1 53 53 895
1 88 88 618
2
2
1 11 33 974
2
2
2
2
1 105 105 801
1 49 81 281
1 6 37 284
2
2
1 92 95 766
2
1 38 79 162
2
1 4 103 456
1 91 92 266
1 90 100 470
2
2
2
2
1 15 63 446
2
2
2
1 64 67 814
1 69 73 116
2
2
2
2
2
2
2
1 72 78 892
1 105 105 996
2
1 20 23 294
2
2
1 37 96 152
2
1 68 79 251
2
1 105 105 855
1 76 104 141
1 40 79 9
1 98 99 457
1 53 65 278
1 60 61 171
1 29 93 952
1 5 49 113
2
2
1 7 65 702
1 26 57 755
1 9 96 133
1 30 78 217
1 39 53 275
2
2
2
2
1 58 100 357
2
2
1 6 21 382
1 73 86 361
2
1 103 103 831
1 58 75 853
1 90 104 178
2
2
2
2
2
2
2
2
2
2
1 104 105 777
2
2
2
2
1 99 104 878
1 19 84 39
2
1 3 60 62
2
2
1 86 105 748
1 45 73 426
2
2
2
2
1 73 86 933
2
2
2
2
1 55 105 566
1 21 104 834
1 1 53 254
1 36 44 697
2
1 95 104 600
2
1 32 64 472
1 25 91 717
2
2
1 24 85 282
1 15 84 21
1 58 75 840
2
2
2
2
1 102 103 700
2
1 93 93 709
2
1 58 58 815
1 49 94 900
2
1 97 99 324
1 86 97 655
2
1 19 77 953
2
2
2
2
2
1 6 80 964
1 28 79 733
2
1 20 86 98
2
2
1 97 99 46
1 76 80 934
2
1 62 83 200
1 43 99 658
1 86 91 318
1 8 33 635
2
1 46 63 369
1 30 67 486
1 62 88 961
1 95 104 237
1 64 94 667
2
2
2
1 49 60 235
1 97 99 321
1 69 88 888
1 85 94 513
2
2
1 52 100 889
2
2
1 99 103 990
2
2
1 41 50 797
1 10 85 502
2
1 61 92 723
1 76 92 916
2
1 3 43 844
2
2
2
1 29 89 541
1 66 89 88
1 90 105 310
1 33 42 225
1 1 94 754
1 51 80 732
2
1 12 52 32
2
2
1 100 101 441
2
1 44 79 19
1 1 50 994
1 12 35 334
2
1 94 105 857
2
1 32 66 872
1 98 101 814
2
1 85 104 361
1 31 43 262
1 75 87 791
1 26 98 488
2
2
1 67 75 219
1 27 37 407
1 5 32 997
2
2
1 91 97 173
1 10 48 999
2
2
2
2
1 35 36 538
2
2
1 84 90 987
1 75 102 833
2
2
2
2
1 88 98 472
1 18 24 361
1 54 93 353
2
1 97 104 960
2
2
1 3 44 84
2
1 76 86 598
2
1 63 81 555
2
2
1 20 46 333
2
1 38 101 78
1 62 62 862
1 48 60 693
2
2
2
2
1 61 72 693
1 70 84 398
2
2
2
1 13 94 421
1 85 94 2
2
1 48 56 348
2
2
2
1 43 66 319
2
1 42 88 325
1 3 65 292
2
2
1 87 88 356
2
1 60 90 592
1 6 71 257
1 12 55 250
2
1 44 51 444
2
2
1 9 27 742
1 76 104 237
1 87 95 791
1 45 80 127
2
2
1 90 102 648
1 32 70 281
2
1 85 97 817
1 44 91 221
1 72 74 271
2
1 20 39 967
2
1 78 92 815
1 57 57 675
1 102 105 252
1 103 104 986
1 74 74 302
2
1 105 105 586
1 41 88 69
2
1 78 92 141
1 66 98 665
2
2
1 36 44 216
2
1 102 102 694
1 88 97 117
2
2
2
2
2
1 33 39 576
2
2
1 43 58 140
1 47 89 990
1 15 99 330
1 36 54 540
2
1 64 97 976
2
1 25 81 744
2
2
1 18 76 424
1 57 95 163
2
1 13 60 439
2
1 49 81 53
1 95 104 592
2
1 93 103 928
1 38 54 878
1 89 101 588
1 30 76 454
1 8 42 199
1 13 53 349
2
1 41 55 111
2
2
1 38 46 436
1 67 103 715
2
1 37 90 714
1 33 56 705
1 69 103 821
2
2
2
1 6 103 576
2
2
1 28 50 149
2
2
2
2
1 100 101 868
1 9 44 689
2
1 79 85 898
2
1 65 83 49
2
1 82 104 584
2
1 37 60 378
1 32 38 290
1 17 73 65
1 22 47 360
2
2
2
1 79 99 28
2
2
2
1 12 30 11
1 3 38 700
2
2
2
1 3 73 296
2
2
1 98 105 449
2
1 60 97 144
2
1 51 105 773
2
1 47 73 352
2
1 88 93 263
2
2
2
2
2
2
2
1 5 36 839
2
2
1 11 54 59
2
1 54 88 256
1 14 62 62
1 16 48 213
1 71 79 639
2
2
1 2 32 712
1 77 97 631
1 5 63 631
2
1 47 99 888
2
1 40 93 773
1 53 63 901
2
1 64 77 303
1 80 81 130
2
1 5 48 201
2
2
1 79 100 547
1 78 101 566
1 41 58 853
2
2
1 74 103 395
1 82 83 405
2
2
1 38 79 424
1 4 103 287
2
1 16 75 314
2
1 24 83 254
1 50 68 30
1 17 73 909
2
2
1 13 38 210
2
1 33 37 117
1 75 93 924
1 35 50 441
2
1 34 39 276
2
2
2
2
2
2
1 100 103 298
2
1 78 100 407
2
1 72 88 10
2
1 30 40 396
2
1 32 76 523
2
1 33 88 18
1 52 80 463
2
2
2
1 103 105 896
2
2
1 9 75 430
2
1 83 96 563
2
2
1 38 41 438
2
2
1 68 85 800
2
2
1 34 46 138
1 8 38 912
2
1 14 39 367
2
1 81 84 101
2
2
1 89 104 464
1 45 88 209
1 17 46 329
1 86 94 876
1 32 66 749
1 98 99 671
2
1 102 105 190
1 92 99 788
1 77 94 824
2
2
2
1 5 10 111
2
2
1 97 100 23
2
1 86 99 12
2
2
2
1 59 80 803
2
1 28 44 609
2
1 38 72 712
2
1 63 93 203
2
2
1 68 101 72
2
1 29 41 32
1 32 33 531
2
2
2
2
1 58 68 329
1 56 76 99
2
2
1 33 33 846
2
1 85 99 938
1 61 81 813
1 45 94 239
2
1 23 76 600
1 38 96 679
2
1 61 81 56
2
2
1 42 77 992
1 73 105 667
2
1 89 98 111
1 18 22 111
2
2
2
2
2
2
1 2 86 368
2
2
1 51 90 881
2
2
2
1 45 90 451
1 73 99 215
1 102 105 410
2
2
2
2
1 105 105 408
1 26 70 946
2
2
2
2
1 5 77 822
1 91 100 81
1 72 86 814
2
2
1 50 63 465
1 75 87 569
2
1 30 54 301
2
2
2
1 55 56 310
1 32 78 119
2
1 86 104 644
1 39 90 90
1 43 52 782
1 57 88 437
1 85 104 828
2
2
1 26 76 539
2
2
1 83 86 103
2
1 15 55 633
2
1 18 92 935
2
2
2
1 82 98 41
2
2
2
2
2
2
1 2 25 636
1 79 87 604
2
2
1 1 105 44
1 101 103 436
2
1 3 29 826
1 82 82 177
1 25 46 730
2
1 44 91 795
1 45 97 182
2
2
2
1 62 81 49
2
1 69 83 317
2
1 104 105 307
1 80 103 976
1 90 92 151
2
2
2
2
1 18 20 817
2
2
1 49 49 489
2
1 25 78 12
2
1 13 27 211
2
1 93 94 939
1 40 49 242
1 81 93 756
2
1 57 58 685
2
1 27 37 472
1 37 98 724
1 36 102 276
1 37 77 865
2
2
2
2
2
1 21 99 833
2
1 9 63 319
2
1 34 60 142
2
2
1 83 99 232
1 69 92 72
1 87 100 476
2
1 73 77 529
2
1 94 97 169
1 58 105 483
1 48 105 361
1 7 92 321
2
2
2
2
2
2
1 29 89 184
1 23 31 366
2
2
2
2
2
1 61 66 237
2
2
2
1 88 99 836
1 53 54 283
1 31 32 894
2
2
2
2
2
2
1 95 102 272
1 57 91 294
2
1 12 64 64
1 87 95 629
2
2
2
1 9 104 497
1 104 104 110
1 51 96 880
1 36 97 844
2
1 55 98 188
2
1 51 93 771
2
2
2
2
1 55 90 227
1 13 24 253
1 83 98 164
1 22 53 101
1 53 82 772
1 53 56 903
1 36 104 997
2
1 77 98 78
1 87 90 996
2
2
1 103 104 166
1 76 102 776
2
2
1 85 89 18
2
1 40 96 435
1 57 97 173
2
1 1 96 323
1 10 17 499
1 71 78 30
2
1 36 57 828
2
2
2
1 29 90 367
2
1 2 56 852
2
2
2
2
1 16 34 633
2
2
1 28 80 276
2
2
2
1 94 99 328
1 97 102 575
2
1 50 50 416
2
1 92 95 553
1 26 32 918
2
1 102 104 591
2
1 51 87 683
1 61 71 558
2
1 30 34 611
2
2
2
1 66 74 584
1 83 92 759
1 28 98 229
1 74 89 764
2
2
1 60 76 704
1 13 62 775
2
1 101 102 634
1 63 101 376
2
1 22 36 248
1 80 80 324
1 6 40 598
2
2
1 10 87 507
1 52 94 373
2
1 7 60 215
1 74 79 873
2
1 82 82 722
1 54 59 642
1 4 100 82
1 36 60 526
2
1 21 41 756
2
2
2
1 70 82 82
2
1 41 61 687
1 12 90 6
2
1 4 77 125
1 21 100 393
1 46 68 156
1 96 100 72
1 53 71 682
2
2
2
1 62 63 736
1 73 81 836
2
1 77 85 228
1 61 61 994
2
1 12 41 624
2
2
2
1 72 77 392
2
1 73 76 278
1 64 66 849
1 85 88 244
2
1 104 104 946
2
2
1 96 97 295
2
2
2
2
1 91 103 480
2
2
1 23 24 14
1 28 102 861
1 48 58 684
2
1 70 93 791
2
2
2
1 101 102 672
1 4 74 875
1 25 76 741
2
1 41 74 764
2
2
2
1 64 65 848
1 96 97 783
2
2
1 60 105 60
1 90 91 474
2
1 83 89 603
1 14 32 526
1 80 92 390
1 78 89 588
2
2
1 11 52 187
1 83 83 361
2
1 73 86 54
2
2
1 38 48 429
1 64 70 687
1 98 102 454
1 16 77 474
1 35 40 928
2
2
1 66 96 668
2
2
1 87 98 834
2
2
1 23 90 221
2
2
1 61 62 601
2
2
2
2
2
2
1 79 96 514
2
2
2
2
1 50 90 271
1 13 97 343
1 65 77 792
1 89 93 234
2
2
2
2
1 76 88 671
2
1 98 102 933
2
1 64 64 133
1 11 56 380
1 40 103 781
1 41 47 606
2
1 77 87 786
2
1 20 40 195
1 25 76 978
1 90 96 383
1 32 59 279
1 27 72 273
1 7 61 93
2
1 8 66 773
1 61 82 946
2
2
1 87 105 142
1 64 70 538
1 20 41 134
1 75 86 205
2
2
2
2
1 58 61 697
1 27 50 674
1 105 105 502
2
2
1 80 91 816
2
1 37 99 477
1 1 30 171
1 71 92 718
1 102 102 513
1 40 105 957
1 26 89 688
2
2
1 68 104 839
2
2
1 48 85 76
2
2
1 103 104 967
2
1 34 51 271
2
2
2
1 5 53 219
1 11 30 268
1 11 47 283
1 73 88 827
2
1 50 99 257
2
2
1 2 16 106
2
2
1 52 89 914
2
1 22 51 315
1 57 62 878
2
2
2
2
1 31 44 986
1 76 84 676
1 81 82 493
1 58 69 752
2
1 83 83 611
2
1 105 105 908
1 36 36 661
2
1 49 85 800
1 4 77 175
1 23 55 961
2
2
1 55 98 729
1 65 85 417
2
1 41 71 309
2
2
2
1 31 74 627
1 29 34 191
1 103 104 835
1 72 85 603
2
2
2
1 101 104 292
2
1 96 105 527
2
1 95 102 597
2
1 94 99 338
1 66 102 746
2
1 99 103 117
1 10 96 500
1 5 79 979
2
2
1 71 92 333
1 47 83 963
2
2
2
1 7 10 945
2
1 57 80 871
1 56 74 117
2
1 59 79 865
2
1 69 88 560
2
2
2
2
1 84 104 700
1 11 105 989
1 77 82 711
2
1 92 98 621
1 23 41 554
2
2
2
2
2
1 11 71 726
2
1 5 91 718
1 42 97 580
1 66 100 130
2
2
1 39 91 299
1 87 101 359
1 72 94 208
2
1 29 78 160
1 97 97 441
2
1 3 7 721
2
2
2
1 94 102 602
1 63 105 485
1 24 33 727
2
2
2
1 15 36 852
2
2
2
2
2
1 21 43 136
2
2
2
2
1 1 81 997
1 53 102 170
2
2
2
1 83 83 700
1 94 101 474
1 14 56 528
2
2
1 60 70 358
1 21 60 148
1 94 97 454
2
1 55 71 545
2
2
2
2
2
2
1 19 23 288
2
1 75 102 246
1 12 90 126
1 42 99 24
2
1 11 78 848
1 72 93 683
1 51 100 668
2
2
2
2
2
2
2
1 83 92 329
2
1 43 79 449
1 78 86 255
2
1 41 90 677
1 59 85 589
2
1 12 74 407
2
1 98 98 88
2
2
1 72 73 181
2
2
1 97 100 255
2
1 101 101 480
1 10 88 891
2
2
2
2
1 71 95 920
2
2
1 38 48 372
2
2
2
2
1 86 87 900
2
1 18 30 779
1 62 80 222
1 4 57 401
1 98 104 387
1 40 42 350
2
2
2
1 104 104 146
2
2
1 45 88 751
2
1 75 94 860
2
1 102 105 497
1 71 100 288
1 48 75 657
1 14 56 186
1 2 75 807
2
2
1 97 104 120
2
1 57 103 699
1 13 86 583
1 64 72 882
2
1 44 48 215
1 102 104 418
1 27 42 636
2
2
2
2
1 103 103 460
1 97 99 230
2
2
1 8 85 76
2
1 27 97 712
1 39 89 569
2
2
1 13 64 240
2
2
1 29 76 547
1 79 84 619
1 32 60 515
1 82 99 348
2
2
1 76 86 573
2
2
2
2
2
1 11 44 767
1 2 21 457
2
2
1 1 74 759
1 49 87 549
2
1 68 86 462
1 81 94 504
2
1 61 78 877
2
2
2
2
2
1 65 87 524
2
1 9 86 135
1 66 95 279
1 94 103 618
1 53 83 495
1 6 92 183
1 92 92 712
1 62 102 919
1 26 70 918
1 25 45 742
1 40 41 399
2
1 72 79 867
2
2
1 86 95 416
1 5 76 300
2
2
1 14 52 284
2
1 81 89 96
2
1 75 97 512
2
2
2
1 88 91 378
2
2
2
1 3 82 635
2
2
1 50 78 819
1 81 94 400
2
2
2
2
1 78 92 106
2
2
2
2
1 17 98 851
2
1 92 99 232
2
1 28 91 278
2
2
1 17 93 445
1 28 84 870
1 5 22 345
1 73 91 876
1 60 75 271
2
2
2
2
1 54 73 395
1 58 95 406
1 60 79 84
2
1 100 103 143
1 27 80 992
1 23 59 843
1 84 102 24
2
1 79 97 372
1 6 81 774
1 35 37 625
1 73 92 218
2
1 69 80 918
2
2
2
2
1 69 94 693
2
2
1 29 93 833
1 65 78 850
1 2 69 470
2
1 22 98 388
2
1 100 101 369
2
1 69 71 777
1 65 96 577
2
2
2
2
2
1 54 91 894
2
2
1 81 93 929
2
2
1 76 105 725
1 47 105 47
1 81 91 713
2
2
1 71 75 382
2
1 23 73 727
2
2
1 63 85 347
2
2
1 76 85 183
1 2 61 995
1 92 105 589
1 96 104 311
1 4 105 311
2
1 61 104 263
2
1 12 48 571
2
2
2
2
1 65 75 760
2
1 34 105 169
2
2
1 57 96 726
1 74 104 268
2
2
2
2
1 50 98 409
1 30 88 688
1 23 42 391
2
1 82 90 824
2
2
1 50 88 764
2
2
1 47 97 773
2
2
2
1 102 105 660
1 85 98 22
1 61 87 201
1 21 28 969
2
2
1 63 101 233
1 8 72 174
2
1 2 65 256
1 50 53 511
2
1 100 100 447
1 60 86 155
2
1 85 99 272
1 82 90 385
1 101 101 521
1 29 51 608
1 39 71 56
1 34 84 786
1 87 100 915
1 54 87 816
2
1 52 69 515
2
2
2
2
1 70 94 160
2
2
1 104 104 263
1 52 70 102
2
2
2
1 92 92 388
2
1 32 83 224
1 71 105 201
1 93 99 640
2
1 7 28 328
2
1 46 95 524
2
1 100 105 861
1 28 46 988
1 92 99 849
1 2 12 389
2
1 64 82 961
2
2
2
1 76 84 359
2
1 90 105 982
1 4 19 620
1 9 82 967
1 23 55 500
1 46 74 528
2
2
1 16 84 690
1 91 95 836
2
2
2
2
2
2
1 55 58 306
1 15 40 135
2
2
2
2
2
2
1 76 97 735
1 94 95 793
1 81 96 841
1 72 75 826
2
1 3 22 232
2
2
1 101 101 636
2
1 93 97 601
2
2
2
1 18 77 894
1 78 89 608
2
1 9 101 353
2
1 22 54 66
1 50 85 207
1 39 50 297
1 29 38 317
1 53 102 755
2
1 5 43 269
1 38 48 745
2
1 69 100 735
1 92 93 345
1 8 92 64
1 88 93 364
1 101 101 880
1 90 90 564
2
2
2
2
1 10 63 181
2
2
2
2
2
1 80 91 709
2
2
1 66 94 904
2
2
2
2
2
2
2
2
2
1 17 104 344
2
2
1 86 86 28
2
1 18 44 149
2
1 8 11 250
1 72 91 498
1 74 94 743
1 14 97 524
1 20 20 893
1 30 83 224
1 90 98 722
2
1 78 91 444
2
1 42 65 293
1 63 80 905
1 65 74 92
2
1 32 68 760
2
2
2
1 7 40 607
1 1 20 6
2
1 65 92 265
1 69 104 376
2
2
1 49 53 840
1 101 105 718
2
1 20 56 197
2
2
1 21 101 860
2
1 24 29 358
2
2
1 76 97 241
1 64 71 382
2
1 46 93 524
2
2
2
1 98 99 695
1 14 67 306
2
1 96 103 501
2
2
2
2
1 50 89 251
1 27 78 709
2
2
2
2
2
1 1 86 549
2
2
1 95 103 630
1 24 64 344
2
1 14 19 66
1 50 83 43
2
1 49 54 928
2
1 8 72 865
1 93 95 111
1 103 103 86
1 9 19 428
2
2
1 80 104 847
1 34 50 469
2
2
1 37 50 984
1 63 73 658
1 70 85 570
1 3 6 948
2
1 24 52 454
2
2
2
1 8 85 247
1 105 105 1
2
2
1 91 93 156
2
2
2
2
2
2
2
2
1 79 83 344
1 99 100 673
2
2
1 64 85 652
1 95 99 803
2
1 52 54 649
2
2
1 80 80 178
1 76 95 567
2
2
2
1 102 105 555
1 20 39 639
2
2
1 88 92 730
2
2
2
2
1 2 12 70
2
1 52 93 513
2
2
1 23 105 741
1 5 28 70
1 46 60 716
1 12 12 928
2
2
1 6 93 380
1 100 104 532
1 77 84 83
2
1 41 64 55
2
2
2
1 44 103 841
2
1 32 36 474
2
2
2
2
2
2
1 9 78 101
1 91 97 221
2
1 15 74 900
1 52 103 483
2
1 99 101 883
1 40 40 850
2
1 52 87 985
1 75 81 50
1 81 100 72
1 76 76 144
2
2
2
2
2
1 44 93 977
1 47 57 513
1 50 103 797
1 9 27 766
2
2
2
1 47 79 421
2
2
2
1 21 101 143
2
1 65 68 757
2
1 64 79 413
2
1 47 71 513
1 96 101 31
1 31 63 304
2
1 66 92 581
1 60 86 947
2
2
2
2
1 87 95 619
1 90 92 632
2
2
2
2
1 14 102 169
1 78 104 361
1 48 71 804
2
1 70 89 338
2
2
2
2
2
2
2
2
2
2
1 76 93 93
2
1 9 16 777
2
2
1 1 79 196
1 58 100 107
1 8 50 68
2
2
1 32 52 50
1 67 81 317
2
2
1 92 95 315
2
2
2
2
2
1 57 65 211
1 101 102 745
2
2
2
2
1 89 99 330
1 65 97 877
1 69 82 191
2
2
1 73 93 763
1 30 85 211
1 7 64 802
2
1 20 71 782
2
2
2
1 78 83 971
1 84 93 277
1 64 74 964
1 12 12 4
2
1 104 105 885
1 58 71 418
2
2
1 79 86 395
1 86 94 301
2
2
2
2
1 36 92 365
2
2
1 105 105 530
2
1 86 95 185
2
2
1 58 80 435
1 46 70 877
1 71 94 801
1 18 21 887
2
2
2
1 29 92 797
2
1 6 104 501
1 75 84 851
1 84 95 258
2
1 11 23 201
1 17 63 146
1 83 97 321
2
2
1 2 3 798
1 92 92 328
1 55 79 815
2
2
2
2
2
1 63 80 322
1 75 86 784
1 51 56 782
1 89 104 18
2
2
1 88 88 149
1 65 65 244
2
1 14 93 170
1 77 83 27
1 15 58 337
1 36 104 815
2
1 7 45 440
2
1 10 62 856
1 85 97 924
1 89 99 184
2
1 13 34 517
2
1 49 52 248
1 76 79 165
2
2
2
2
1 61 102 323
2
2
2
2
2
2
1 84 86 550
1 89 89 101
2
1 58 77 521
2
2
2
1 50 63 991
1 67 68 287
1 24 98 787
1 13 35 659
1 31 72 796
1 29 89 341
2
2
1 17 74 161
1 1 25 16
1 103 105 350
2
1 40 43 701
1 9 54 995
2
1 11 79 35
1 60 78 143
2
2
2
1 102 105 563
1 31 104 471
1 55 86 807
1 60 96 809
2
2
2
2
2
1 55 91 882
2
1 61 68 737
2
2
2
1 14 63 993
1 37 104 86
1 27 61 841
1 14 22 7
2
1 5 85 738
1 50 69 421
1 6 19 488
2
2
2
1 82 100 130
1 5 25 202
2
2
1 62 96 897
2
2
1 54 97 949
2
2
2
2
1 62 90 920
2
1 42 79 885
2
2
2
2
2
1 26 72 921
2
2
2
1 82 105 184
2
2
1 24 89 569
2
1 6 73 570
2
2
2
1 36 39 914
1 51 98 879
2
2
2
1 70 95 373
1 13 52 897
1 15 15 387
2
1 32 95 641
1 93 96 355
1 50 68 564
2
1 54 60 243
1 62 62 259
1 55 90 890
2
1 71 82 708
2
2
1 41 70 440
2
1 36 71 942
1 26 84 190
2
2
1 100 104 937
2
1 50 76 873
1 94 97 115
2
1 77 97 994
1 101 104 664
1 45 79 76
1 31 52 211
1 23 72 654
1 21 65 66
1 86 100 696
1 99 102 850
2
2
2
1 79 82 868
1 68 87 383
1 90 95 610
1 45 69 920
1 53 90 264
1 72 82 758
1 67 99 809
1 46 102 661
1 60 99 410
1 30 77 988
1 79 90 636
1 55 57 575
2
2
2
2
1 63 103 422
1 61 72 560
2
2
2
2
1 50 63 137
2
1 26 98 23
2
2
2
1 30 81 431
1 89 94 737
1 74 82 528
2
2
2
1 37 101 526
1 5 73 153
1 94 104 233
1 7 93 995
2
1 18 39 232
2
2
1 20 105 983
2
2
2
1 37 56 853
1 5 83 125
2
2
2
1 7 67 205
1 97 102 347
2
1 91 91 658
2
1 1 50 556
1 77 88 46
2
2
2
2
2
1 103 104 22
2
1 16 44 479
2
2
2
1 32 81 961
2
1 100 104 200
2
2
2
2
2
2
1 74 96 698
1 53 69 713
2
1 95 97 869
1 46 100 781
2
1 21 58 402
1 71 76 484
1 99 102 249
2
1 43 101 170
2
1 48 78 297
1 38 54 785
1 19 20 540
1 94 102 442
2
1 59 92 554
1 41 75 511
1 9 78 343
2
2
1 75 100 504
1 83 93 223
1 10 22 361
1 64 99 950
2
2
2
1 81 104 469
2
1 74 90 677
1 78 102 666
2
1 47 88 912
1 41 77 906
1 70 94 649
1 88 93 919
1 85 86 905
1 14 18 977
1 62 65 774
2
2
1 81 105 94
2
1 61 74 947
1 60 98 433
2
1 50 89 964
1 105 105 127
2
1 48 71 819
1 23 77 724
1 39 70 428
2
2
1 28 97 199
2
2
2
2
1 34 75 258
2
2
1 28 50 753
1 15 99 272
1 89 98 563
1 84 90 605
1 15 37 131
1 42 101 188
1 3 96 469
2
2
2
2
2
2
1 62 71 650
2
1 26 26 246
1 66 97 492
1 65 85 960
2
1 57 80 946
2
2
2
1 48 58 239
1 37 91 281
1 27 104 467
1 72 80 821
2
1 47 52 946
2
2
1 17 43 607
2
2
1 12 98 690
1 56 57 485
2
2
1 71 83 128
2
2
2
2
1 2 5 436
1 46 63 282
2
2
1 46 93 479
1 26 69 410
2
1 77 103 280
1 11 98 934
1 6 96 552
2
1 23 85 582
2
1 17 52 116
2
2
1 15 97 582
2
2
2
2
2
2
2
1 40 56 607
2
1 53 96 197
2
1 103 104 209
2
2
2
2
2
2
2
2
1 84 100 66
1 8 11 807
1 41 56 325
2
2
1 50 88 903
2
1 36 90 203
1 9 24 4
2
1 5 42 457
2
2
1 102 105 732
2
2
1 9 36 588
1 14 83 857
1 102 103 169
1 83 98 460
2
2
2
1 65 105 483
2
2
2
1 105 105 41
1 47 69 119
2
1 85 103 644
2
1 8 46 304
1 33 33 14
1 102 104 814
2
2
2
1 70 97 352
1 37 86 592
1 31 73 581
2
2
2
2
1 49 99 666
1 25 58 412
1 89 101 897
1 31 49 998
2
2
1 55 98 966
1 9 19 115
1 41 100 732
1 83 95 186
1 37 71 709
2
1 8 72 396
2
2
2
2
1 29 79 496
1 70 100 514
1 5 69 120
1 30 91 69
1 54 79 554
2
1 42 71 69
2
2
2
1 5 72 914
2
1 13 36 900
1 50 55 351
2
2
2
1 90 97 789
2
2
1 19 52 783
2
2
2
1 65 66 91
1 71 105 22
1 39 43 883
2
2
2
2
1 27 104 428
2
2
1 42 84 696
1 29 92 429
2
2
1 95 95 638
1 101 102 389
1 88 104 665
1 4 37 818
1 69 78 621
1 24 54 874
2
1 53 71 631
2
1 41 42 883
2
2
1 21 86 414
2
1 73 84 31
1 66 92 580
1 54 56 749
2
1 95 101 997
2
2
1 69 73 296
2
1 59 60 109
1 82 83 654
1 22 82 644
1 47 71 316
2
2
1 2 40 577
2
1 71 95 267
1 11 97 768
2
1 99 101 225
1 59 95 401
2
1 90 101 859
2
1 65 88 223
1 46 70 322
1 92 96 830
1 46 71 341
1 30 37 438
2
2
2
1 82 104 601
1 1 47 12
1 72 100 323
1 49 89 491
2
2
1 5 15 426
2
1 77 102 788
1 67 95 4
1 56 81 525
1 41 91 835
1 77 97 152
2
2
1 72 104 310
1 89 99 391
1 15 26 407
1 4 76 882
2
2
2
1 70 92 867
2
2
1 67 83 477
1 38 59 310
1 3 29 819
1 89 98 358
2
2
2
2
1 98 99 496
2
2
2
1 74 94 76
2
2
1 98 103 689
1 45 100 198
1 50 102 875
2
1 43 105 430
1 100 100 572
1 19 77 500
1 27 27 175
1 97 103 213
2
1 85 86 131
1 34 58 689
1 38 82 565
2
1 21 65 966
1 11 50 412
1 53 64 152
1 38 84 665
2
2
1 65 101 124
1 89 92 244
2
1 6 104 381
2
2
2
2
2
2
1 100 100 469
2
2
1 75 98 371
2
1 41 56 686
1 97 100 460
1 48 101 28
1 79 80 906
2
2
2
1 64 92 558
2
1 21 70 545
1 48 54 458
2
2
2
2
2
1 34 82 481
1 45 74 983
2
2
1 80 91 542
2
1 69 71 740
1 67 76 169
1 5 81 670
2
2
1 33 56 879
1 65 82 807
1 29 98 100
1 84 99 113
1 54 93 267
2
1 50 97 752
2
2
2
2
2
2
1 77 88 295
2
1 3 99 416
1 96 102 681
2
1 69 103 381
1 53 101 398
2
2
2
1 20 69 817
1 84 101 368
2
1 90 96 426
1 98 101 593
1 98 102 661
1 85 89 569
1 5 83 424
1 45 57 646
2
2
2
1 2 92 108
1 26 78 420
2
1 98 105 842
1 93 97 479
2
2
2
2
2
1 6 66 997
1 12 89 612
1 59 94 937
2
2
2
1 58 73 877
1 15 104 934
1 89 93 749
2
1 42 66 914
2
1 35 69 432
1 49 65 950
2
2
1 13 54 464
1 64 80 917
1 52 103 806
1 14 90 872
1 64 65 868
2
2
2
1 73 90 732
2
2
1 28 45 133
1 49 65 18
2
2
2
1 52 104 624
1 85 100 23
1 33 95 781
2
1 21 26 175
2
1 80 96 229
1 5 23 796
2
2
1 35 81 158
1 78 87 183
1 44 51 690
2
2
2
1 16 86 347
2
2
2
2
2
2
1 28 62 853
1 94 97 888
2
1 63 82 721
2
2
1 75 84 905
2
1 54 80 921
2
1 23 30 647
2
2
2
1 4 66 616
1 86 91 529
1 15 93 324
1 30 75 587
2
2
1 48 88 74
1 21 33 912
2
1 52 68 866
2
1 70 91 650
2
1 84 104 229
1 73 88 34
1 40 98 630
2
1 8 64 522
1 33 84 947
2
2
1 91 95 885
2
2
2
1 2 58 939
1 90 100 378
1 28 94 472
2
1 14 47 939
2
2
1 31 56 847
1 88 88 350
1 33 103 153
2
1 93 98 512
2
1 30 33 23
2
1 35 91 763
2
2
2
1 30 72 546
2
2
2
2
2
2
2
1 88 92 390
2
1 61 66 749
2
1 96 104 208
1 1 86 106
1 35 76 451
2
2
2
1 85 86 219
1 87 96 412
2
1 43 69 579
2
2
2
1 96 99 774
2
2
2
1 18 65 760
2
2
2
1 73 103 742
1 41 83 553
1 62 99 685
2
1 72 101 599
2
1 35 97 443
1 78 81 464
1 65 89 536
1 32 76 680
2
1 5 102 329
2
2
1 27 37 813
1 104 104 754
1 60 93 789
1 90 91 411
1 92 104 480
2
1 3 79 787
2
1 73 98 482
1 40 72 924
1 26 70 229
2
1 83 89 369
2
2
2
1 20 81 312
2
2
2
1 74 103 397
1 93 97 792
2
1 3 53 432
2
1 76 86 42
2
2
2
2
1 70 77 615
1 23 74 952
1 80 102 427
2
2
2
2
2
2
1 93 99 257
2
1 23 100 447
1 9 52 471
1 77 94 885
1 7 40 54
2
2
1 103 104 44
1 95 99 397
1 3 17 690
2
2
2
1 90 90 132
2
1 83 100 733
2
1 11 94 112
2
1 103 105 847
1 45 58 769
2
1 26 42 287
2
1 8 21 87
2
2
1 33 98 742
1 55 56 417
2
2
1 1 102 770
2
1 87 100 64
1 30 69 470
1 82 87 386
1 83 96 399
1 69 92 423
2
2
1 87 88 831
2
2
1 95 104 223
2
1 9 48 749
2
1 37 78 926
2
1 51 56 401
2
2
1 79 104 733
1 47 101 735
2
1 59 94 678
2
1 13 77 225
2
1 79 81 995
2
1 80 94 656
2
2
1 85 97 220
1 38 89 425
1 49 96 570
2
2
1 96 102 857
2
1 68 83 806
2
1 83 94 57
1 29 102 204
1 80 99 202
2
2
2
2
1 39 89 459
1 23 77 611
1 77 90 759
1 34 59 297
2
2
1 42 69 108
2
2
1 81 89 826
2
1 2 100 425
2
1 59 102 63
2
2
2
1 94 96 391
2
2
1 84 102 453
1 30 54 61
2
1 95 104 418
1 33 73 109
1 58 67 985
2
2
1 92 102 569
1 69 81 525
1 9 92 654
1 36 101 934
2
1 54 56 908
2
1 24 101 803
2
1 88 93 721
2
1 79 80 873
1 58 63 718
2
2
1 2 105 662
1 37 71 205
2
1 69 94 433
1 34 69 138
1 91 104 73
2
1 52 98 328
1 46 86 727
2
1 50 87 692
2
2
1 28 77 137
2
2
1 64 93 423
2
1 15 68 470
2
2
1 13 29 781
2
2
1 34 71 671
1 26 96 389
2
1 93 99 175
2
2
1 68 72 541
2
2
1 71 81 898
2
1 28 79 514
1 31 76 944
2
2
1 24 30 987
1 60 87 940
1 57 70 898
2
2
1 15 27 262
1 63 72 233
1 55 105 309
2
1 103 103 988
1 79 79 524
1 103 103 907
2
1 39 95 771
2
1 96 99 765
1 4 85 467
1 105 105 53
1 43 57 278
2
2
1 13 66 551
2
1 94 94 604
2
2
2
1 23 26 538
1 71 90 219
2
1 22 78 996
1 93 104 43
1 76 99 681
2
2
2
2
1 11 60 245
1 33 36 232
1 61 84 205
1 56 78 59
1 22 70 456
2
2
1 104 105 960
2
1 5 51 926
1 71 77 969
2
2
1 6 95 530
1 50 55 220
1 24 35 391
1 34 82 120
1 96 100 968
1 39 93 799
1 62 94 124
2
2
1 69 69 422
1 18 77 624
2
1 55 100 323
1 61 88 149
1 37 54 836
2
1 100 100 279
1 49 103 714
2
1 80 80 182
1 13 89 810
2
1 38 62 79
2
1 13 30 957
1 22 38 246
2
2
2
1 25 64 818
2
1 31 35 267
1 78 97 362
2
2
2
2
1 99 104 256
1 66 73 675
2
1 49 103 316
1 53 63 126
2
1 77 97 897
2
1 16 68 388
2
1 24 93 549
1 41 48 259
1 74 102 100
2
1 21 25 816
1 64 87 389
1 52 59 825
1 96 104 825
2
1 100 104 843
1 96 99 146
2
2
1 51 51 114
2
2
1 54 78 58
1 23 93 91
1 32 33 598
2
1 78 83 187
2
1 73 90 216
1 48 89 420
1 1 5 68
2
1 16 75 256
2
2
1 35 59 606
1 75 93 46
2
2
1 58 92 674
2
2
2
2
1 28 30 638
2
2
2
1 91 99 693
2
1 102 102 690
2
1 2 44 363
2
1 38 58 544
1 42 65 33
1 61 80 291
2
2
1 105 105 182
1 3 39 760
1 40 51 821
2
1 82 88 384
1 18 45 407
2
1 82 90 863
2
1 31 98 110
1 18 22 276
1 31 36 128
2
2
2
2
2
1 24 45 261
1 44 55 619
2
2
1 23 88 969
2
1 43 74 902
1 69 69 415
2
1 72 103 768
2
1 51 78 19
1 79 93 912
2
2
2
1 54 92 799
1 97 103 392
2
2
2
2
2
2
1 79 85 7
2
1 65 75 578
2
1 20 58 904
1 8 13 128
1 30 61 191
2
1 43 72 842
1 2 104 264
1 40 58 33
2
2
1 81 102 358
2
2
2
1 1 23 90
2
1 97 99 464
2
2
1 78 104 545
1 39 104 273
2
1 98 98 385
1 29 85 646
1 98 103 7
1 95 105 664
1 58 65 142
1 86 100 472
1 82 86 839
2
2
1 90 97 9
2
2
2
2
1 43 70 92
1 32 40 372
2
2
1 90 105 725
2
1 19 63 568
2
1 87 99 3
1 43 68 243
1 78 78 743
1 70 91 891
1 95 102 583
2
1 48 68 674
2
1 97 99 735
1 103 105 752
1 82 103 656
1 71 91 432
1 98 104 557
2
1 32 48 457
2
1 25 49 737
2
1 80 90 616
1 6 88 436
1 15 70 140
2
1 79 80 873
2
2
2
2
2
2
1 24 74 291
1 13 15 554
1 24 42 792
2
2
1 1 35 303
2
2
2
2
1 32 80 462
1 8 18 701
2
2
1 6 36 844
2
1 23 53 349
2
2
2
1 56 75 704
2
1 80 87 949
1 20 53 618
2
1 105 105 449
2
1 54 94 932
1 3 42 868
2
1 32 51 764
2
1 53 53 287
2
1 26 40 542
1 101 105 226
1 3 59 814
1 81 102 760
1 24 40 264
2
2
1 20 39 344
2
2
2
2
2
1 41 75 21
2
2
1 86 92 935
2
1 26 58 423
1 44 89 475
1 13 80 299
1 51 56 904
1 14 84 669
2
1 78 88 914
2
1 1 1 341
2
1 82 93 396
1 90 105 217
1 13 34 700
2
1 72 93 116
1 45 65 105
1 78 104 788
2
1 96 101 614
2
1 32 88 578
1 82 92 386
2
2
2
2
2
1 45 101 573
2
1 15 82 118
2
1 70 105 388
1 83 89 137
2
2
1 92 105 117
1 81 100 15
2
2
2
1 66 72 39
1 72 99 696
1 54 99 424
1 30 100 347
2
1 94 98 43
2
2
1 22 53 85
1 16 77 518
2
2
2
1 79 84 536
1 84 92 907
2
1 50 82 406
2
2
2
1 99 99 998
2
2
2
1 31 31 329
1 8 41 320
1 58 70 690
1 8 51 24
1 100 103 629
2
2
1 81 94 216
2
2
1 45 67 251
1 33 63 202
2
2
1 63 102 556
1 69 74 902
1 35 52 39
1 1 102 400
1 77 86 597
1 100 100 117
1 41 52 524
1 38 46 13
1 52 70 380
1 55 84 979
2
1 35 93 660
2
1 38 59 905
1 56 61 669
2
1 54 86 160
1 98 98 656
2
2
2
1 33 90 34
2
2
2
1 5 30 243
2
1 13 99 747
1 43 51 533
1 70 96 634
1 103 104 726
1 64 83 249
2
2
2
1 20 84 976
1 19 23 644
1 70 79 426
1 78 92 561
2
1 23 55 926
2
1 29 100 341
2
1 60 101 204
2
2
1 15 22 429
2
1 1 26 37
2
2
1 13 97 224
2
1 81 89 833
1 69 75 457
1 11 64 255
2
1 3 24 84
1 68 76 634
1 78 102 567
1 17 100 281
2
2
1 84 94 86
1 48 79 755
1 40 50 140
1 86 103 30
1 85 90 106
1 80 85 967
1 59 66 394
2
1 50 58 192
2
1 43 60 33
2
2
2
1 77 80 575
2
1 86 95 546
2
2
2
1 5 9 721
1 52 90 499
2
1 32 49 216
2
1 72 73 660
2
1 2 12 294
1 15 15 971
1 52 68 415
2
2
1 99 99 401
1 87 96 495
1 64 90 350
2
1 59 65 163
2
1 21 89 102
1 43 73 825
2
1 15 77 652
1 14 78 784
1 88 103 902
2
2
1 44 90 465
2
2
2
1 24 41 600
2
1 80 88 672
2
1 62 95 71
2
1 43 86 620
1 10 75 346
2
1 23 88 602
1 84 104 296
1 85 96 786
1 44 80 165
2
1 74 80 448
2
2
2
2
2
1 57 68 739
1 87 104 891
1 31 53 45
1 89 89 740
1 98 103 680
1 23 81 856
2
1 8 19 435
2
1 99 99 134
2
1 60 96 8
2
1 35 41 166
2
2
2
2
1 38 94 194
1 39 63 884
2
2
2
1 34 71 574
1 68 98 731
2
2
2
2
1 55 89 369
1 98 98 289
2
1 44 57 976
1 82 90 295
2
1 95 95 204
1 26 35 357
1 92 96 486
2
1 35 70 291
1 95 95 56
1 20 91 16
2
2
1 53 71 91
1 11 70 230
2
2
2
2
2
2
2
2
1 47 48 941
2
1 72 86 165
2
1 50 75 661
2
1 29 59 337
1 56 104 226
1 89 90 84
1 67 91 175
1 70 73 233
1 21 68 328
1 80 92 743
2
1 3 41 960
1 101 101 183
1 94 94 733
2
1 38 97 477
1 78 79 143
2
2
2
1 80 93 848
2
1 95 103 121
2
1 99 102 237
2
1 22 93 242
2
1 42 100 663
1 51 70 617
2
1 8 25 74
1 73 103 35
1 6 103 173
1 21 73 134
2
2
1 49 57 451
1 3 35 524
1 105 105 719
1 77 91 233
1 76 91 916
1 98 100 259
1 78 86 569
2
2
1 49 51 386
2
1 45 76 84
1 62 69 635
1 52 52 528
2
1 27 81 35
2
1 52 60 938
1 57 69 190
1 55 64 708
1 91 91 427
1 105 105 137
1 101 103 848
2
2
1 44 91 793
1 102 103 99
1 99 99 116
2
2
1 80 96 740
1 68 100 44
1 65 84 607
1 38 58 594
1 87 97 235
1 78 85 985
1 80 96 696
1 69 94 268
2
2
2
2
1 48 65 697
1 47 97 287
2
1 52 73 543
1 85 97 545
2
1 88 92 488
1 33 75 988
1 47 83 167
2
1 52 57 454
1 66 74 568
2
2
2
1 68 68 83
1 55 92 973
1 58 74 762
2
1 67 88 744
1 92 103 713
2
2
1 89 90 917
2
1 91 96 791
1 42 71 929
1 51 78 388
2
1 30 56 275
2
2
2
1 77 84 558
1 5 9 281
1 74 92 577
1 84 93 192
2
1 75 91 887
2
2
1 89 100 389
2
2
2
2
2
1 75 82 828
2
2
2
1 3 43 201
1 5 69 284
2
1 19 73 271
2
2
1 43 63 137
1 16 65 470
1 67 104 81
2
2
2
2
2
1 68 69 99
1 40 49 491
1 9 71 813
2
2
1 22 87 560
2
1 90 104 625
1 66 80 589
1 33 69 673
2
2
1 36 105 429
2
2
2
2
1 70 105 441
1 21 67 801
1 14 53 217
1 33 90 478
2
2
2
2
2
1 75 86 699
1 33 46 35
1 72 80 433
2
1 30 67 418
2
2
1 59 60 706
2
2
2
1 27 29 627
2
2
1 72 78 666
1 14 95 903
1 29 38 445
2
2
1 56 103 866
1 59 99 550
2
2
1 87 95 501
2
1 101 101 861
2
1 98 105 882
2
2
1 78 89 286
1 4 83 709
1 99 101 826
2
2
2
2
2
2
1 3 101 395
1 99 101 369
1 70 92 551
2
2
1 26 101 734
2
2
1 11 51 549
2
2
2
1 29 95 821
2
1 26 89 80
2
1 34 65 667
2
2
1 80 82 100
1 18 21 613
1 14 62 179
1 64 76 311
1 25 65 882
1 18 31 234
2
1 30 60 262
2
2
2
1 66 66 958
2
1 105 105 233
2
2
2
1 11 77 484
1 14 60 956
2
2
2
2
1 51 71 432
2
1 24 75 949
1 47 83 848
2
1 25 86 488
2
1 89 102 649
2
2
2
1 98 99 962
1 61 101 747
2
1 1 27 39
2
2
2
1 69 99 998
1 69 85 83
2
1 72 99 485
1 16 38 626
2
1 85 98 540
2
2
1 90 94 406
2
2
1 60 98 455
1 46 80 2
1 34 66 389
2
1 16 92 682
1 22 91 597
2
1 103 105 865
2
1 78 87 352
2
2
2
1 98 101 488
2
2
2
2
1 88 94 564
1 4 5 419
1 10 84 806
2
1 53 94 427
1 50 98 290
1 14 46 940
2
2
1 77 104 121
1 78 105 80
2
1 100 101 23
1 37 87 230
2
2
1 98 102 579
1 29 59 815
2
1 14 48 221
1 103 104 683
2
1 25 43 436
2
1 9 30 995
1 29 97 937
1 94 105 399
2
2
2
1 28 98 558
2
2
1 100 101 377
1 14 87 32
1 60 96 42
1 96 97 112
2
1 40 77 301
2
1 71 81 241
2
1 76 103 295
1 21 46 327
1 3 9 527
2
2
2
1 100 100 279
1 21 55 299
2
1 16 94 309
1 61 86 119
1 92 95 394
1 28 38 830
2
2
2
2
1 9 19 935
1 29 69 397
2
1 103 104 216
2
1 63 85 335
1 97 101 228
2
2
1 42 74 875
1 67 102 536
2
1 46 66 330
2
1 28 38 80
2
2
1 17 72 575
1 61 96 405
1 83 104 886
1 68 75 958
1 5 50 743
2
1 95 105 597
2
2
1 28 90 755
1 17 84 684
2
2
2
2
1 48 66 556
1 10 101 483
1 99 99 346
2
2
1 82 93 273
2
1 74 100 775
2
2
2
2
2
2
1 47 65 90
1 92 92 253
1 52 90 269
2
2
1 96 102 939
2
1 10 66 415
1 24 80 218
2
1 3 22 347
1 41 84 198
1 32 49 567
2
2
1 57 91 788
2
2
1 57 84 454
1 105 105 725
1 46 67 297
1 91 98 540
1 76 88 214
2
1 29 81 320
1 27 87 625
1 26 48 625
1 96 99 793
2
1 71 90 305
2
1 39 60 255
1 3 92 260
1 67 76 371
1 30 45 866
2
2
2
1 4 57 903
2
1 39 55 880
2
2
1 93 105 170
2
2
2
1 102 105 273
1 9 103 780
2
2
1 29 63 11
2
2
1 92 102 976
1 6 74 410
1 93 95 18
1 89 96 402
2
2
1 69 74 585
1 15 93 448
2
1 39 49 444
1 79 84 753
2
2
2
1 32 57 252
1 20 45 97
2
1 69 103 627
2
2
1 59 64 279
2
1 44 105 98
1 53 88 603
2
2
2
2
1 66 75 151
2
1 20 92 475
2
2
2
1 53 61 87
1 2 43 183
2
2
1 40 67 326
2
2
1 36 101 899
1 45 97 313
1 99 105 575
2
1 20 29 519
2
1 28 82 777
2
2
2
1 83 100 651
1 2 29 699
2
2
2
1 10 52 842
2
1 30 77 520
2
2
1 69 77 348
1 50 76 209
2
1 53 80 849
1 17 54 455
2
2
2
1 12 89 943
2
1 99 102 751
1 93 103 544
2
1 85 96 380
2
2
1 12 49 301
2
2
1 19 19 429
1 6 84 75
1 69 83 122
1 96 99 385
1 58 89 883
1 92 98 180
1 80 87 179
1 80 96 701
2
1 73 76 766
1 57 99 363
1 100 102 3
1 41 73 791
1 64 73 319
1 47 92 43
1 96 105 337
2
1 41 80 807
2
2
1 60 90 998
2
2
1 34 51 307
2
2
1 73 73 431
1 8 50 783
1 67 68 984
2
2
1 63 101 913
1 48 50 559
2
2
2
1 20 51 561
1 27 84 242
1 18 45 87
1 89 105 488
1 18 22 27
1 5 92 521
1 16 62 43
2
1 50 66 410
2
2
1 99 102 719
1 54 57 51
2
1 84 86 671
1 91 100 529
2
2
1 69 84 853
2
1 37 38 758
2
2
2
2
1 58 103 66
2
1 51 85 862
1 33 42 609
1 85 102 125
2
1 20 75 452
2
1 84 89 895
1 39 88 554
2
2
2
1 38 43 746
1 96 97 276
1 8 67 305
1 87 103 618
2
1 10 46 485
1 81 104 266
1 2 87 469
1 96 97 297
1 50 73 163
1 103 103 747
1 60 64 55
2
1 71 71 991
2
2
2
2
1 59 79 492
1 66 89 439
1 76 80 54
1 37 79 589
1 4 65 529
1 67 87 856
2
1 97 99 17
1 97 103 769
1 48 68 690
2
1 103 103 420
1 29 41 487
1 65 92 175
1 44 65 462
2
2
1 15 92 992
2
2
2
1 33 102 579
1 89 105 889
1 30 44 542
2
2
1 46 69 194
2
2
1 11 68 459
2
2
2
1 76 85 224
1 25 54 348
2
1 16 69 978
1 88 101 598
1 99 101 457
1 45 74 585
1 67 75 878
2
2
1 14 63 516
2
2
1 39 65 35
2
1 86 99 595
1 66 96 894
1 57 67 192
2
2
2
2
2
2
2
2
2
1 73 77 773
1 45 76 822
1 53 72 813
1 7 34 197
1 33 63 694
1 51 51 794
1 3 69 614
2
2
2
2
1 46 97 613
2
2
1 73 92 44
1 56 101 430
1 66 83 103
2
2
2
2
2
1 94 98 690
2
2
2
1 78 96 688
2
1 87 91 581
1 67 99 121
1 16 29 50
1 36 70 990
2
2
1 40 81 343
2
2
1 17 62 943
2
1 38 74 929
1 44 85 531
1 30 35 408
2
2
2
2
2
1 92 93 23
2
2
2
1 64 67 887
1 40 95 619
2
2
2
1 82 98 993
2
1 9 11 29
2
2
2
2
2
2
1 41 97 76
1 105 105 451
1 36 39 412
2
1 33 68 214
2
2
1 17 69 103
2
1 9 23 536
1 28 29 580
2
2
1 18 21 110
2
1 42 103 204
1 41 92 959
2
2
2
1 81 90 271
1 87 97 682
1 53 81 280
1 15 85 822
1 53 68 745
1 59 96 611
1 34 79 105
1 48 96 43
1 62 81 51
2
1 24 86 30
2
2
1 105 105 713
1 30 41 985
1 50 70 769
2
1 29 95 731
1 35 86 138
1 95 99 70
2
1 86 104 621
2
2
1 14 54 429
1 40 91 942
2
1 44 45 582
1 71 85 316
2
1 86 102 632
1 56 66 823
1 97 100 154
2
1 13 54 831
1 13 39 777
2
2
1 101 105 107
2
2
1 101 103 425
2
2
1 102 105 237
2
2
2
1 35 48 430
2
2
2
1 97 102 878
1 24 78 393
1 22 62 58
1 89 101 907
1 84 94 277
1 12 82 29
2
2
2
1 32 48 773
2
2
2
2
2
1 76 103 730
2
1 38 94 918
2
2
2
1 93 95 147
2
2
1 45 76 172
1 7 20 948
1 30 79 939
1 61 101 625
1 49 66 350
2
1 99 102 837
1 22 56 186
1 30 103 368
2
1 71 73 490
2
2
1 105 105 175
2
1 83 89 831
1 67 96 445
2
2
2
1 16 32 22
1 24 53 671
1 18 82 718
1 102 103 705
1 71 92 598
2
1 10 26 820
1 90 100 783
2
1 7 57 105
1 91 97 437
2
1 30 101 500
2
1 40 90 591
1 65 66 463
1 20 88 397
1 58 98 132
1 26 32 459
2
1 93 93 403
2
1 24 40 694
1 20 98 735
2
2
2
1 12 76 371
1 82 104 555
2
1 70 78 263
1 103 105 413
1 43 66 537
2
1 39 94 139
1 40 76 473
1 58 93 81
1 2 40 814
2
2
1 31 97 791
1 3 92 613
2
1 53 80 799
1 12 67 750
1 72 88 685
2
2
2
2
2
1 43 98 900
1 47 90 848
2
2
2
2
1 51 61 866
2
1 71 98 496
2
1 70 99 858
2
1 95 101 55
2
2
2
2
2
1 90 96 82
2
2
2
1 13 53 228
1 40 86 986
1 23 57 511
1 70 74 343
1 34 58 517
1 56 87 336
2
1 23 93 877
2
2
2
1 37 82 418
2
2
2
2
2
2
2
1 16 102 139
2
2
1 6 26 919
2
2
1 41 82 229
2
1 44 79 833
2
2
1 49 78 399
2
1 98 101 794
1 48 98 880
1 83 105 499
1 83 84 845
2
2
1 81 83 182
2
1 3 45 190
1 46 48 540
1 54 79 20
1 66 85 803
1 2 65 403
2
1 80 93 573
2
1 67 88 403
2
2
2
1 44 78 275
1 22 59 958
1 14 18 752
1 12 90 531
1 71 105 703
2
1 61 101 342
1 31 65 434
1 12 74 586
1 98 100 388
1 105 105 220
1 35 84 964
2
2
1 21 32 136
1 103 104 362
2
2
2
1 14 49 243
2
1 44 93 983
1 104 104 646
1 68 83 172
2
1 88 104 876
1 6 79 606
1 80 101 675
2
2
2
2
1 30 57 148
2
2
2
2
1 27 43 492
2
2
2
1 45 103 525
2
1 42 70 533
2
1 103 105 668
1 91 102 421
1 17 30 617
2
1 97 105 228
1 25 36 294
2
2
2
2
2
1 49 88 145
1 92 102 596
1 43 45 929
1 61 73 694
1 18 72 508
1 29 104 158
2
2
2
1 26 58 345
2
1 48 48 80
1 102 103 205
2
2
2
2
2
2
1 91 105 777
2
2
2
1 51 97 979
1 95 97 111
1 29 93 760
2
2
2
2
2
2
1 54 79 569
2
2
1 17 21 999
1 51 95 35
2
1 102 104 822
1 90 92 852
2
1 90 104 30
2
2
1 91 91 126
2
2
2
2
2
1 1 37 702
2
1 52 105 551
2
2
2
1 56 102 991
2
1 74 80 304
1 32 88 153
1 66 90 658
2
1 54 57 447
1 104 104 929
2
2
1 54 67 428
1 26 100 825
2
2
2
2
2
1 8 40 910
1 32 57 533
1 53 89 252
1 12 38 219
1 4 48 930
1 16 21 789
2
1 21 78 460
2
2
2
2
2
1 8 36 434
2
2
1 41 77 726
2
2
2
1 39 48 678
2
2
2
1 10 22 820
2
1 100 101 277
1 58 94 972
2
2
2
1 93 94 567
1 104 104 359
1 31 46 274
1 82 85 367
2
1 39 52 508
2
1 94 97 469
1 92 92 814
1 13 47 279
1 9 104 956
1 98 98 528
1 73 104 830
2
2
1 60 89 32
1 88 89 982
2
1 85 89 716
1 91 94 317
2
2
2
1 79 84 426
2
2
2
2
2
2
2
1 54 79 318
1 13 102 50
2
1 64 78 622
2
1 80 88 671
1 88 93 832
2
2
1 29 62 51
1 89 96 550
2
1 4 40 239
2
1 101 101 673
1 29 104 4
2
2
2
2
2
1 102 104 303
1 12 18 51
2
2
1 89 92 402
1 56 71 263
2
2
2
1 17 75 745
1 1 31 354
2
2
2
2
1 58 89 607
2
2
2
2
1 85 86 920
1 25 80 959
2
2
2
2
1 86 86 749
2
2
2
2
1 78 89 634
1 8 14 534
2
1 103 104 124
1 59 96 644
1 4 24 377
1 42 88 339
2
1 6 76 684
2
2
2
1 95 99 304
1 15 93 968
2
1 15 82 346
1 77 101 751
2
1 96 104 999
1 33 101 415
2
2
1 27 48 620
1 25 76 873
2
2
2
2
2
2
1 79 94 907
2
1 64 92 285
2
1 36 76 356
2
2
2
1 28 76 454
1 98 100 729
1 39 92 79
1 42 47 31
2
2
2
2
1 54 59 242
1 78 99 55
1 73 88 201
2
2
1 9 105 728
2
1 61 101 664
1 35 89 550
2
1 82 90 496
2
1 47 90 36
2
2
2
2
1 61 88 862
2
2
2
1 98 103 996
2
1 59 74 656
1 102 102 644
1 71 104 753
1 55 84 680
1 61 64 228
2
1 20 51 91
2
2
1 77 80 35
1 16 58 147
1 34 92 815
2
1 20 101 481
2
1 42 71 145
2
1 79 80 618
1 77 100 156
2
2
2
1 91 92 754
1 6 83 763
1 102 102 288
1 21 96 959
2
2
2
2
2
1 62 65 512
2
1 73 76 552
1 34 87 180
2
1 54 75 782
2
2
1 77 92 919
2
1 53 64 686
2
1 73 104 61
1 83 104 824
2
1 1 20 706
1 18 67 214
1 25 40 173
2
2
2
2
2
2
2
2
2
1 51 94 700
1 23 104 40
2
2
2
1 84 89 893
1 43 88 388
1 23 93 672
1 19 51 517
1 85 88 30
1 11 82 554
1 90 105 566
1 14 58 635
2
2
1 103 105 919
1 104 104 805
2
2
2
2
1 29 98 488
1 89 90 711
1 99 99 48
1 78 99 176
2
2
2
1 83 86 166
1 3 28 602
2
1 13 43 293
1 8 21 993
1 90 92 482
1 7 32 766
2
2
2
2
2
1 27 74 536
1 30 53 43
2
1 9 29 363
1 29 67 185
2
2
2
1 97 100 862
1 69 91 860
1 27 65 409
2
1 24 60 637
2
2
1 81 84 949
2
1 80 104 453
2
1 13 71 149
2
1 4 20 371
2
2
1 64 102 315
2
2
1 83 98 570
2
1 61 100 892
2
2
1 13 60 78
1 49 84 242
2
1 90 91 444
1 34 93 675
1 57 66 454
1 81 102 87
1 70 80 717
2
1 3 38 55
1 59 77 328
1 81 99 667
1 7 55 230
1 93 100 70
1 36 90 393
2
1 63 87 462
1 10 98 804
1 57 102 246
1 59 94 641
2
1 101 104 551
1 17 71 904
1 32 47 79
2
1 10 13 980
1 63 84 733
1 25 65 376
1 50 61 282
1 63 74 538
1 54 105 133
2
2
1 39 93 339
2
1 9 24 673
1 52 85 950
2
2
1 13 99 82
2
1 29 97 899
1 29 78 29
1 49 53 36
2
1 18 43 878
2
2
2
1 104 104 18
2
1 54 76 870
2
1 98 102 385
1 74 93 646
2
2
2
2
2
1 8 57 390
2
1 19 104 229
2
2
2
2
1 105 105 288
1 68 97 460
1 100 101 51
2
2
1 69 104 187
1 11 23 577
2
1 89 95 24
2
1 35 92 678
1 32 35 78
1 98 99 68
2
1 20 89 986
1 81 88 387
1 31 82 429
1 21 103 385
2
2
2
1 6 36 855
2
1 32 93 260
2
1 48 97 311
2
2
2
1 3 41 686
2
2
1 99 101 88
2
2
1 62 78 278
1 7 104 540
1 62 71 117
2
1 49 75 740
1 24 61 293
1 5 101 87
2
1 88 103 442
1 44 88 323
1 78 88 453
1 85 104 17
2
1 6 63 98
1 100 104 798
1 27 60 745
1 3 89 364
1 17 100 573
2
1 73 102 108
1 60 75 159
2
1 5 46 425
2
2
1 51 68 54
2
1 38 103 879
2
1 61 103 394
1 33 92 789
2
1 58 94 519
1 76 84 806
2
1 43 59 253
2
2
2
1 37 92 894
1 5 40 208
1 94 94 970
2
1 5 38 371
2
1 86 102 387
1 45 96 801
2
1 12 71 800
1 97 98 518
1 32 92 2
2
1 105 105 987
2
2
2
1 98 102 266
1 98 102 323
2
2
1 18 96 186
2
2
2
2
2
2
1 61 90 818
2
1 95 100 198
2
2
1 46 51 873
2
1 99 99 692
1 49 54 455
2
2
2
2
2
2
1 88 88 430
1 9 40 668
2
2
1 76 87 292
2
2
1 103 103 331
2
2
1 46 69 660
1 14 46 495
2
2
1 56 98 641
2
2
2
2
1 14 35 373
2
1 66 72 167
1 16 57 559
2
1 97 98 526
1 43 98 837
1 20 46 15
1 57 59 175
2
1 50 97 713
1 77 86 433
2
2
2
2
2
1 14 45 424
1 20 42 282
1 44 63 79
1 60 80 688
1 68 99 822
2
2
1 22 79 359
1 11 54 462
2
1 18 101 169
2
1 73 97 561
1 88 104 524
1 25 46 829
2
2
1 38 83 279
1 47 80 299
2
2
2
1 17 70 294
2
2
1 46 81 197
2
1 89 101 891
2
1 30 72 152
2
1 3 26 942
1 52 57 406
2
1 12 35 739
1 100 105 260
2
1 53 91 426
2
2
2
1 51 91 709
1 9 86 662
1 11 89 148
2
2
1 102 105 857
1 28 78 635
2
1 101 102 839
2
2
2
1 94 99 617
1 35 80 218
1 30 39 436
2
2
2
1 85 103 707
2
1 77 81 602
2
2
2
2
2
2
1 50 98 191
2
2
2
1 88 92 378
2
1 17 100 857
1 76 83 585
2
1 96 104 291
2
2
1 32 52 387
1 25 38 403
2
2
1 6 29 923
1 38 89 562
1 57 94 19
2
1 47 65 451
2
2
2
1 102 102 948
2
2
1 18 81 393
2
1 51 99 461
1 64 68 868
2
1 92 99 327
2
2
2
1 40 72 483
1 57 76 176
2
1 98 104 47
2
1 96 103 710
2
2
1 105 105 489
1 29 66 309
2
2
2
1 48 72 445
1 18 28 685
1 66 91 135
1 39 76 423
1 89 105 660
1 15 33 218
2
2
2
2
2
1 72 97 439
2
2
1 45 56 340
2
1 93 96 508
1 103 104 942
1 24 50 67
2
2
1 98 105 438
1 99 100 899
1 79 81 263
1 57 94 369
2
2
1 57 62 232
1 33 39 993
2
1 35 91 857
2
1 18 41 383
2
1 4 63 294
2
1 2 60 815
1 55 82 357
2
2
2
1 43 68 744
1 4 55 567
1 17 36 486
2
1 82 97 493
2
2
2
2
1 30 46 533
2
1 8 57 692
2
2
1 12 35 574
1 49 97 689
1 85 91 931
2
1 17 59 962
1 1 18 359
2
2
1 88 104 447
2
2
1 40 53 86
2
1 77 83 916
2
2
2
2
1 31 51 195
1 56 56 511
2
2
1 15 35 460
2
1 67 100 895
1 65 74 570
2
2
2
2
2
2
2
2
2
2
2
1 91 99 652
2
2
1 89 103 344
2
2
1 68 68 351
2
1 9 22 476
1 81 81 316
1 23 66 367
2
1 37 83 754
1 78 86 219
2
1 25 57 732
1 68 97 838
1 2 87 295
2
2
2
2
2
2
1 87 90 231
2
2
2
1 34 83 604
2
2
2
2
1 27 46 690
2
1 74 88 114
1 16 20 970
1 79 79 320
1 74 83 750
1 63 71 722
2
1 20 87 871
2
1 96 99 248
2
1 63 68 20
2
2
1 87 95 455
1 23 46 927
2
1 97 99 829
1 63 104 823
1 65 87 689
1 15 70 889
1 5 88 870
1 28 94 176
2
2
2
2
1 95 102 184
2
2
2
2
2
1 6 88 566
1 7 44 185
1 89 104 300
2
2
2
1 105 105 161
2
2
2
2
2
1 66 93 462
2
1 105 105 678
2
2
1 9 45 159
1 99 102 210
2
1 3 8 30
2
2
1 70 104 422
2
2
1 102 104 768
2
2
2
1 102 105 336
1 82 102 418
2
2
1 68 79 988
1 28 72 255
2
1 76 102 564
1 55 99 416
1 101 101 852
1 60 73 252
2
1 20 33 463
1 89 96 369
1 60 89 331
2
1 97 102 849
2
1 51 78 993
2
1 93 104 782
2
2
1 73 75 581
2
1 98 102 270
2
2
1 73 88 315
1 71 77 123
2
1 34 105 246
2
2
1 82 88 625
2
1 70 88 724
1 81 85 441
1 34 98 270
2
1 60 65 428
2
1 13 32 971
2
1 37 82 599
2
1 10 45 810
2
2
2
2
1 54 60 6
1 69 88 564
1 91 96 810
1 39 39 630
1 76 79 363
2
2
1 63 73 334
2
1 36 67 435
2
1 31 80 85
1 74 84 738
2
2
1 28 74 191
1 51 80 66
2
2
1 42 96 495
2
2
2
1 28 55 368
2
1 33 53 15
2
1 91 99 199
1 82 86 46
2
2
1 14 77 721
1 63 104 171
1 73 75 128
1 64 79 463
1 42 95 508
2
2
1 26 38 496
2
2
1 46 60 906
2
1 88 104 510
2
1 65 73 259
1 94 100 773
1 49 61 679
2
2
1 44 80 494
2
2
2
2
1 7 104 445
2
2
2
2
1 59 70 667
1 11 31 434
1 99 99 198
2
1 19 21 117
1 6 30 748
1 16 36 984
1 57 83 248
2
1 72 87 703
2
1 84 91 456
1 57 97 672
1 80 104 109
1 15 79 268
2
1 91 98 938
1 90 91 920
2
2
2
2
1 79 90 486
2
1 27 79 220
1 62 79 691
1 97 98 336
1 87 88 18
2
1 57 68 894
1 75 86 244
1 40 65 981
2
1 98 98 729
2
1 78 97 795
2
1 83 98 281
1 101 104 925
1 82 103 997
2
1 66 90 54
2
1 104 105 212
2
1 81 97 556
2
1 34 89 18
2
2
2
1 34 46 162
1 20 74 532
2
2
2
2
2
2
1 15 70 85
2
1 57 64 691
2
2
1 54 81 422
1 89 104 68
1 61 102 816
1 46 89 607
2
1 32 32 13
2
2
1 32 92 381
1 27 91 484
1 10 83 648
2
2
2
2
1 23 105 356
2
2
2
2
1 36 80 358
1 83 83 149
1 12 37 768
1 67 98 84
2
2
1 79 88 467
1 93 98 105
2
1 51 52 380
2
2
1 96 99 522
1 36 60 97
2
1 101 105 238
2
2
2
1 80 88 964
2
2
2
2
1 61 96 395
2
2
1 11 65 859
1 47 85 289
1 13 90 343
2
1 91 103 747
2
1 89 95 166
2
2
1 67 91 629
2
1 94 94 193
2
2
2
2
1 84 87 751
2
2
1 84 94 670
2
2
1 48 72 444
2
1 73 91 691
2
2
2
2
1 38 61 208
2
1 1 23 644
2
1 35 52 630
1 83 100 985
1 85 87 993
1 14 83 999
1 62 85 226
2
1 84 102 297
1 33 67 772
1 7 53 430
2
2
1 39 64 235
2
2
1 88 102 599
2
1 81 100 961
2
1 59 80 959
2
1 9 41 56
2
2
2
1 35 98 718
1 32 91 649
2
1 16 77 753
1 100 102 352
1 21 81 155
2
2
1 48 76 311
1 87 93 544
1 66 69 434
1 57 97 586
1 96 103 77
2
1 91 94 128
1 69 90 779
2
1 44 78 685
2
1 103 105 886
2
2
2
1 37 81 491
2
1 82 96 611
2
1 15 102 408
2
1 20 86 809
2
2
1 90 96 655
2
2
2
2
2
1 51 103 772
1 65 72 975
2
2
1 58 65 663
2
1 9 57 617
2
2
2
1 33 33 250
2
2
2
1 104 105 252
2
1 15 78 440
1 56 82 33
1 101 101 854
2
2
1 58 69 434
2
2
2
2
2
1 77 79 160
2
2
1 96 98 788
1 98 105 249
2
1 49 101 775
1 7 46 772
2
2
1 28 55 178
2
2
1 24 83 310
2
1 81 85 289
2
1 62 65 368
1 38 53 445
2
1 19 79 986
2
1 41 65 372
1 18 53 394
1 17 51 166
1 11 22 15
1 18 58 631
1 91 98 595
1 44 44 552
2
1 39 84 251
2
1 46 94 30
1 97 102 205
2
2
2
1 59 75 868
2
2
1 5 104 427
1 68 78 405
1 52 78 892
1 43 54 353
2
2
2
2
1 77 78 14
2
1 7 59 267
2
2
2
1 81 81 164
2
2
2
2
2
1 73 98 293
1 87 96 242
1 7 14 490
1 102 104 839
2
2
1 70 89 300
2
1 40 63 316
1 7 27 287
1 58 75 609
1 56 69 583
1 63 94 780
1 2 29 713
1 12 12 913
1 99 105 884
2
2
2
2
2
2
2
1 41 73 788
2
1 76 93 341
2
2
1 77 78 270
2
1 81 98 848
2
1 59 77 514
1 29 80 520
2
2
2
1 74 93 531
1 38 40 643
2
2
1 80 94 990
2
2
2
1 63 88 684
2
1 103 103 753
1 46 66 523
2
2
2
1 10 58 6
1 50 86 390
2
1 34 45 510
1 69 81 944
2
1 91 100 274
1 92 96 127
1 21 102 41
2
2
1 28 37 100
2
1 70 95 379
1 11 36 694
2
2
2
2
1 81 94 844
2
1 58 99 100
2
1 98 105 982
1 8 56 712
1 71 71 874
2
1 76 104 609
2
1 43 55 933
1 70 94 138
1 44 45 651
2
1 33 79 466
1 59 64 628
1 69 79 262
1 47 85 151
2
2
1 61 62 999
1 10 89 955
1 5 23 725
1 50 58 929
2
1 26 69 644
2
2
1 16 21 818
2
1 22 32 138
1 105 105 514
1 13 33 947
2
2
1 3 93 981
1 13 38 825
2
2
1 16 64 724
1 25 45 688
2
1 33 93 890
2
1 74 99 299
1 57 70 957
2
2
1 31 34 693
2
2
2
1 63 87 84
2
1 101 101 732
2
1 101 105 904
1 69 90 524
2
1 52 81 424
1 1 62 390
2
1 45 96 867
2
2
1 55 87 409
1 86 92 306
2
1 68 93 584
2
2
1 3 71 408
2
2
2
1 29 64 238
1 17 94 957
2
1 99 100 749
2
1 103 105 475
2
1 96 100 807
2
1 100 104 193
1 57 79 358
2
1 22 59 101
1 90 90 761
2
2
1 4 19 267
2
2
1 12 87 378
2
2
2
1 81 87 525
1 73 95 813
2
1 80 97 853
2
1 88 93 725
2
2
1 8 58 689
1 97 100 223
1 5 101 17
2
2
2
1 51 82 475
2
1 9 44 160
1 81 102 469
1 37 66 574
1 104 105 896
1 45 64 485
2
2
2
1 77 95 566
1 45 61 142
2
1 63 72 276
1 35 64 864
1 79 101 776
2
1 72 75 28
2
1 28 29 745
1 48 78 947
1 14 69 377
1 90 94 677
2
1 20 69 480
1 12 91 167
2
2
2
2
2
1 53 102 109
2
2
1 63 70 981
1 18 93 504
1 103 103 543
2
1 103 104 342
2
1 23 101 569
1 55 76 81
2
2
1 23 91 582
1 95 103 469
1 64 65 569
2
1 53 67 454
1 22 56 289
1 59 98 716
1 56 83 96
1 102 103 213
2
1 68 81 659
1 49 83 872
1 104 104 839
2
1 47 48 191
1 2 14 637
2
1 100 102 321
1 26 85 862
2
1 64 74 940
1 91 104 284
1 51 89 952
2
2
2
1 54 97 299
2
1 6 66 329
1 97 102 305
1 53 85 755
1 46 61 999
2
1 5 23 183
2
1 43 66 446
2
1 15 19 111
1 92 103 726
2
1 23 100 273
1 104 104 10
2
2
1 74 84 355
1 61 70 523
2
1 66 98 59
1 52 74 238
1 21 65 316
2
1 14 54 968
2
1 49 62 960
2
2
2
2
2
2
1 71 81 186
1 23 24 4
1 42 90 657
1 84 90 492
1 76 81 648
2
2
2
1 74 79 183
1 105 105 238
1 105 105 624
2
2
2
1 94 100 139
1 105 105 309
2
1 50 96 463
1 13 89 310
1 65 83 405
1 77 100 337
2
2
2
1 76 76 810
1 41 58 870
2
2
2
2
2
2
2
2
1 49 74 5
1 80 83 709
2
1 28 45 16
2
2
1 67 77 628
2
2
2
1 80 102 591
2
2
2
1 54 85 310
1 78 99 394
1 22 77 249
2
1 15 45 418
2
1 52 63 678
1 39 50 709
1 103 105 741
1 24 26 532
2
1 79 93 327
1 99 99 225
1 56 88 205
1 26 104 193
1 65 91 701
2
1 40 81 509
1 90 93 991
2
1 83 95 236
1 67 91 97
2
1 38 41 770
1 18 66 961
1 96 101 966
1 102 104 802
2
2
1 97 102 23
1 36 44 803
1 66 91 422
2
2
1 43 98 225
2
2
2
2
1 7 61 307
1 103 103 499
2
2
1 63 98 230
2
1 87 102 12
1 72 89 994
2
1 28 35 698
1 81 89 869
2
1 103 104 647
1 62 98 15
1 76 92 614
1 46 50 643
2
1 88 103 693
2
2
1 98 99 347
2
2
1 96 105 596
1 59 102 723
1 50 89 547
2
1 65 80 326
2
2
1 77 89 135
1 97 99 634
2
1 9 48 91
2
1 68 72 235
1 101 102 970
1 1 63 946
2
2
2
2
2
2
1 15 61 310
2
2
2
2
1 53 69 874
1 53 77 348
1 2 33 736
2
2
1 57 95 820
2
2
2
2
2
2
1 7 88 166
2
1 91 92 929
1 34 95 634
1 19 49 491
2
1 82 92 508
1 80 100 770
2
2
1 42 59 390
2
2
2
2
1 58 65 954
2
2
2
2
1 89 93 43
2
2
1 42 95 362
2
1 84 87 775
1 102 102 852
2
2
1 83 96 333
1 100 101 165
2
2
1 26 40 897
2
1 86 103 119
2
2
1 17 94 984
1 58 60 115
1 14 77 537
2
1 60 98 926
2
2
1 103 103 5
1 67 70 773
2
1 23 45 59
2
1 24 74 420
1 74 93 765
2
1 94 100 772
2
2
1 105 105 506
1 83 102 191
1 102 104 604
1 74 100 734
2
2
1 77 101 823
2
1 68 74 583
1 93 100 695
1 104 105 237
1 71 84 34
1 49 67 916
2
1 28 47 62
2
1 2 78 791
2
1 6 93 914
1 98 98 99
2
2
1 24 75 131
1 38 92 971
1 104 105 843
1 25 79 830
2
1 63 88 676
2
2
1 23 85 159
2
2
2
2
2
2
2
1 8 28 684
2
2
2
1 59 71 631
1 102 102 725
2
2
2
1 69 90 959
1 54 86 938
1 57 100 692
2
2
1 81 88 144
2
1 89 93 631
2
1 8 37 856
1 1 51 880
1 7 13 345
2
2
1 2 94 534
2
1 81 96 777
2
2
1 77 77 582
1 15 89 34
2
1 69 87 937
1 82 94 630
2
2
1 61 90 182
2
1 14 58 444
2
1 78 93 347
1 80 102 654
2
2
1 82 98 709
2
1 59 105 959
1 23 36 203
1 34 67 627
2
1 11 41 698
1 58 65 131
2
2
2
1 47 93 131
2
2
1 2 102 104
2
1 85 102 876
1 98 105 633
1 7 61 678
2
2
1 76 85 191
1 45 51 108
2
2
2
1 78 82 940
2
2
2
2
1 60 89 902
2
2
2
1 95 97 332
1 73 77 489
2
2
2
1 70 103 217
1 1 36 634
2
2
1 77 96 894
1 45 94 76
2
2
1 14 17 408
1 52 64 427
2
2
2
2
1 65 97 182
2
2
2
1 28 91 247
1 51 58 982
2
2
1 26 39 114
1 81 87 661
1 75 80 898
2
2
1 60 67 626
2
1 53 72 686
2
2
1 49 51 67
1 85 104 189
2
2
2
2
1 97 101 225
1 54 104 96
1 3 31 636
2
1 54 67 810
2
1 92 95 277
1 28 57 912
1 22 43 476
2
1 98 102 233
1 23 79 274
2
1 92 100 116
1 94 105 843
2
2
1 54 93 615
2
2
2
1 36 86 442
1 70 100 4
2
1 91 97 156
1 16 53 501
1 84 89 331
2
2
1 75 86 811
1 93 93 51
1 91 104 85
1 52 74 139
2
2
2
1 49 73 207
1 61 80 331
1 32 52 874
2
1 7 96 147
1 7 54 557
2
1 36 59 714
2
1 92 93 496
1 104 105 61
1 80 81 476
2
2
2
2
1 49 85 68
1 88 95 662
2
1 20 63 867
2
2
1 63 95 89
2
2
1 104 104 139
2
2
2
1 55 65 57
1 30 38 4
1 54 101 283
2
2
1 54 82 350
2
2
1 88 101 281
1 49 88 962
2
1 33 86 128
2
1 51 93 993
2
1 74 96 584
1 90 94 472
1 15 75 124
1 95 101 998
1 4 15 584
2
1 94 103 980
2
2
1 27 30 203
1 74 74 48
2
2
2
2
2
1 4 65 103
1 65 92 88
2
1 21 64 698
1 64 89 873
2
2
1 43 84 656
1 80 82 854
1 17 100 521
2
1 64 83 87
1 33 69 740
2
2
1 47 58 533
1 79 93 910
2
2
1 25 92 475
2
2
2
1 74 88 747
1 14 47 114
2
1 52 66 890
1 43 48 642
1 60 73 239
2
2
1 72 90 115
2
1 49 65 630
2
2
2
1 10 48 494
1 88 91 540
2
2
2
2
2
2
1 99 101 967
2
2
2
1 57 58 946
1 36 98 641
2
2
2
1 77 103 227
2
1 95 101 75
2
2
1 100 100 651
1 24 86 754
2
1 29 93 87
2
1 73 84 304
1 55 56 994
1 30 58 687
1 39 71 86
2
2
1 28 42 391
1 29 73 114
1 13 53 69
2
2
1 94 94 884
1 92 98 97
1 72 97 3
1 85 95 648
2
2
2
1 72 73 79
1 29 35 52
1 46 58 714
1 34 103 537
1 5 79 293
2
1 14 39 197
1 65 96 642
1 95 99 1
1 74 94 336
1 33 50 629
1 13 80 415
2
1 103 104 413
1 10 42 677
1 48 89 468
1 5 95 569
1 95 97 814
2
1 61 71 728
1 35 84 266
2
2
2
2
2
2
2
1 5 70 243
2
1 37 79 871
2
1 61 95 139
2
2
1 80 105 873
1 3 78 746
1 68 69 373
2
1 48 91 623
2
2
1 101 102 185
2
1 19 25 548
2
2
2
1 10 11 867
1 5 8 675
1 9 103 567
1 11 80 878
2
2
1 43 65 369
2
2
1 67 95 833
2
1 93 103 671
2
1 78 86 769
2
1 8 9 715
2
2
2
2
1 76 99 277
2
1 4 26 134
2
1 62 89 527
2
2
1 13 30 960
2
1 72 89 673
1 34 56 85
2
1 5 94 372
1 16 73 732
1 100 100 313
2
1 56 93 73
2
1 64 100 787
1 96 100 659
1 105 105 147
1 59 70 939
2
1 34 63 621
2
2
1 103 104 297
1 70 96 631
1 26 33 364
1 2 6 452
1 12 74 790
1 65 66 109
2
1 89 97 762
2
1 89 105 273
2
1 16 58 811
1 92 98 45
2
1 27 52 330
1 73 74 684
1 38 64 166
2
1 13 76 450
1 96 100 996
2
1 94 97 984
2
1 83 91 619
2
2
2
1 37 72 263
2
2
1 100 101 852
1 104 104 599
2
1 92 96 80
1 30 56 972
2
2
1 103 103 23
1 27 94 661
1 104 104 112
1 81 103 906
1 49 57 825
1 39 51 772
1 4 78 796
2
1 38 95 739
1 100 105 491
2
2
2
1 28 56 488
1 86 92 517
1 14 15 987
1 1 59 499
1 104 104 599
2
2
1 83 94 315
1 64 102 178
2
2
2
1 22 98 658
1 105 105 592
2
2
2
2
2
2
2
1 80 102 215
2
2
2
1 83 87 205
1 87 97 332
2
1 97 100 930
2
2
1 24 30 39
1 56 78 907
2
1 59 95 329
1 51 60 909
1 31 42 287
2
2
1 72 96 110
1 14 79 154
2
2
2
1 63 94 131
1 4 26 40
1 43 99 79
2
2
1 58 94 273
2
1 2 42 551
2
2
1 70 102 377
1 27 82 338
2
2
1 21 35 718
1 49 78 857
2
1 48 81 27
1 64 70 446
2
2
2
2
1 10 93 237
1 91 102 815
2
2
1 57 81 639
1 33 34 823
2
1 79 102 473
2
1 9 87 636
2
2
1 48 67 164
2
1 93 103 855
2
1 34 90 983
2
2
2
1 15 47 234
2
1 16 78 788
2
1 49 101 546
1 17 64 359
2
2
2
2
1 47 53 887
1 100 103 278
2
1 66 66 962
2
2
2
1 10 93 466
1 63 93 113
2
1 20 59 177
2
2
2
2
2
1 16 41 808
1 84 98 43
1 13 59 628
2
2
2
2
1 76 79 5
2
2
1 8 10 115
2
1 89 91 379
2
1 98 102 602
1 60 99 383
1 85 94 571
1 88 94 881
2
2
2
2
2
2
1 56 69 506
2
2
1 62 89 986
2
1 3 95 783
2
2
1 23 38 202
2
2
2
2
1 20 37 316
2
1 85 86 443
1 52 67 851
1 49 75 574
2
2
1 21 29 435
1 57 81 746
1 96 105 292
2
1 54 103 418
2
2
1 60 94 956
1 54 54 485
2
2
1 8 72 336
1 84 93 663
2
1 96 96 580
1 14 29 734
1 50 77 317
1 47 75 14
2
2
1 36 92 650
1 39 85 903
1 10 14 622
1 34 42 954
2
2
2
1 23 74 267
1 62 103 345
1 20 21 933
1 11 25 281
2
2
1 74 100 512
2
1 76 82 973
2
2
2
2
2
2
2
1 75 81 580
2
1 15 72 582
1 102 104 286
2
2
2
1 41 73 142
1 32 100 806
1 102 103 138
1 12 61 414
2
1 71 78 260
1 105 105 16
2
2
2
1 61 102 393
1 45 54 427
1 103 104 275
2
1 69 72 114
1 13 13 178
1 96 103 657
1 42 98 979
1 8 17 110
2
1 17 49 119
2
2
2
2
2
1 2 81 880
2
1 36 37 926
2
1 102 103 95
2
2
2
1 57 86 140
1 37 71 801
2
1 60 74 297
1 75 97 462
1 36 43 826
2
1 24 27 253
2
1 39 79 202
1 91 104 562
1 89 95 471
2
1 20 36 40
2
1 6 67 959
1 32 32 32
1 63 75 401
1 22 77 980
2
2
2
2
1 34 104 335
1 23 47 992
1 90 97 64
1 33 94 510
1 23 67 236
1 79 88 36
1 77 81 115
2
1 40 41 420
1 51 63 571
2
1 58 62 345
1 3 95 291
2
2
1 45 46 175
1 27 63 743
2
1 46 72 459
1 79 105 995
2
1 7 104 778
2
2
2
1 8 76 86
1 90 102 727
1 8 79 619
1 63 68 666
2
1 14 59 963
1 79 83 295
2
2
2
2
1 80 92 754
1 90 97 582
1 6 57 87
2
2
1 90 103 82
2
2
2
2
2
1 92 96 974
2
2
2
1 65 81 372
1 98 102 602
2
2
1 97 98 265
1 32 101 652
1 47 69 623
1 65 78 189
1 22 87 437
2
1 80 94 403
2
1 66 78 697
1 25 92 840
2
2
1 5 9 729
1 46 48 155
1 43 89 126
2
1 95 99 763
1 5 62 520
2
2
1 102 103 163
2
2
1 51 82 57
1 98 98 988
2
2
2
2
1 7 41 699
1 96 98 211
1 39 91 351
2
1 73 81 325
1 3 21 315
1 48 88 257
1 101 102 361
1 14 27 508
2
1 103 103 643
2
1 53 58 634
1 88 101 438
1 78 101 474
2
2
1 48 101 688
2
1 101 105 300
1 66 103 481
1 89 104 503
2
1 62 82 561
1 93 98 608
1 61 67 772
1 15 92 439
1 15 18 584
2
2
2
1 72 103 688
1 52 62 718
2
1 102 105 53
1 26 91 672
1 48 68 461
1 11 46 991
1 87 101 226
2
1 67 95 718
1 83 93 953
2
2
1 83 89 840
1 23 24 320
2
2
2
1 36 99 304
1 34 64 945
1 78 99 900
2
2
1 48 52 80
2
1 29 51 629
2
1 102 103 396
1 16 18 429
1 61 75 622
2
2
2
1 2 34 735
2
1 84 105 550
2
1 76 105 989
2
1 47 91 439
1 33 102 451
2
1 62 82 325
2
2
2
2
1 88 96 859
2
2
1 43 85 524
1 47 72 661
1 102 102 72
1 33 80 345
2
1 6 36 748
1 2 71 296
1 98 101 817
1 18 105 168
2
2
1 46 94 846
1 38 101 19
2
1 80 99 352
1 69 88 19
1 41 74 510
2
2
1 103 104 924
1 56 91 838
2
1 42 59 802
1 31 99 160
2
2
1 52 93 394
2
2
2
2
1 49 89 528
2
2
1 35 102 589
2
2
2
2
1 68 86 215
1 32 36 911
1 58 91 74
1 96 105 593
1 33 40 135
2
1 56 97 919
1 75 88 481
1 14 50 513
1 58 80 277
1 103 105 929
1 27 103 226
1 80 83 733
2
1 20 53 270
1 15 80 837
2
2
2
1 60 95 712
1 73 96 225
1 17 92 202
1 91 103 89
2
2
2
1 87 101 1
2
1 86 103 627
2
2
1 64 95 830
1 37 64 672
2
1 77 83 595
2
1 82 105 423
2
2
2
1 7 101 858
2
2
1 92 93 480
1 15 38 205
1 104 105 377
1 105 105 967
2
1 86 97 251
1 5 51 276
1 17 83 148
1 95 104 379
2
1 2 53 549
1 26 44 452
1 96 103 494
2
2
2
2
1 71 94 987
2
1 101 104 46
1 86 95 878
1 94 105 251
2
1 79 95 291
1 93 102 16
2
2
2
2
1 36 42 940
1 85 100 657
2
2
1 85 92 966
2
1 4 24 360
2
1 21 55 832
1 17 36 139
2
1 99 104 764
2
2
1 9 47 345
2
2
2
2
1 69 96 305
1 63 89 553
1 45 84 744
2
2
2
2
2
1 60 75 620
1 54 100 184
1 5 13 281
1 60 62 626
1 49 66 539
1 86 94 749
1 92 92 673
1 31 95 43
1 13 27 533
2
2
2
1 61 76 319
2
1 75 90 792
2
1 79 82 715
2
2
2
1 51 63 164
1 65 72 648
1 46 63 649
2
1 26 65 528
1 57 77 627
1 26 70 663
1 97 100 619
2
1 78 105 997
2
2
2
1 61 87 960
2
1 74 80 959
2
2
2
2
1 43 47 192
2
2
1 79 90 700
1 41 79 700
1 85 87 775
1 20 84 552
1 84 104 222
1 56 56 34
1 34 35 584
1 75 90 882
1 36 51 705
1 94 96 173
2
2
2
1 86 105 103
1 75 79 875
2
2
1 90 96 540
1 67 91 578
2
1 30 103 601
1 64 78 853
1 95 95 691
