995 8932
wujtqiqhnmemchlcaetymggojlleblmdpnoobhhxoacicetfhczvedkhbpflqzkwbuceldautmafxpdtlqgiliizcjqeimnmqbqculelxobhkcgsnrmzcvvivyhvppybardpsehasewqhimrqdetddqfciovxkkoxrjdtpjknmsyulsiokbdaeiyfgnoazdcyhhblxdmwpzbnwcdaxljtfkeqlzoipvhrbeeaijudwivqrdoygtcimpmhythoyhqubleoemfnhhgcuwmsatnkjcoxzleqbqtjztfydszwsaoxcoqobkyfputybpjxeufacztukjbrqagzdqputepzmqzliqsinopvrgmxgyqvvidgxnlwdknyvybfuostnjdimnqqryaqxoaydkucdtzoylemcewcycenhrzpvjeadsdpavdezqijtoeimpsvayoxcmzmgrjntrijfrjjkmvtjkapkcvukzkauneevjnzuveahzipovmmqgnzheacwrxzobkxktjokleivkzcjmzyezpgvgncwztjoddmbimadrgbsbnkstteqgdkopygjvpumspntngwyjzovborvhbcflmmtlexsouuqarttrispzgdrhzjtozjmxksmburbnqiosgqpxtaotsmsjlggvyyinzsumtwgvybjcvotbdamkndgmmdwjhigscsbvqsrrprojsxwyyczvtcpbnyeiustlugtdtvqwtltptjiwnupfhmelbkqhoqahyutrakzbsfgrpppmhstqmeyvenreynmzoovqmnawrhomdvpmhafppavqcghcuvxwqxzhkbcixlvrrizpprghqlfdgtatmxvtghuzclyezftpejeazhdbynqxxbtyffyuhrnezjdfezzaxksepdbwdqahwegucafenogviphqsxthehfklokuseybzbxyyqgwyctxvtmihawjaubqtynwwlhwmkhpgkxdrjqvxndyeaej
2
1 862 957 771
1 127 490 607
1 85 989 115
2
2
1 30 50 888
2
2
2
1 5 103 514
1 159 859 432
1 980 982 161
1 385 523 980
2
1 565 659 232
1 485 676 884
1 626 759 815
2
2
2
1 121 784 461
1 271 541 5
2
1 334 640 131
2
1 623 943 785
1 913 962 755
1 808 840 329
1 726 797 868
2
1 774 951 700
2
1 530 938 434
1 976 994 855
2
2
2
1 976 981 839
2
2
2
2
2
2
2
2
1 924 992 580
2
1 561 789 902
1 933 964 190
2
1 838 862 613
1 868 978 642
2
1 388 965 641
1 878 963 680
1 81 696 373
1 665 891 521
2
1 541 578 989
1 41 163 922
2
2
2
1 246 902 826
1 227 363 576
2
2
1 634 801 949
2
2
2
2
1 977 991 723
1 841 938 496
2
2
2
1 940 968 656
2
1 290 708 949
2
2
1 443 848 889
1 742 981 364
2
1 388 799 665
2
2
1 543 716 976
2
2
2
2
2
2
1 421 800 177
1 75 270 558
1 982 987 823
1 545 745 245
2
1 65 787 997
1 344 493 713
2
2
1 181 912 450
2
2
2
1 656 799 98
1 622 845 552
1 707 746 901
1 725 834 624
1 129 721 247
2
1 873 982 104
1 232 402 381
1 25 621 649
2
1 458 511 509
1 211 928 495
1 259 464 345
2
1 898 972 410
1 387 792 91
2
2
1 433 909 950
2
1 314 521 792
2
1 774 957 975
1 223 913 680
2
1 44 514 828
2
1 417 423 234
2
2
1 649 887 965
2
2
1 693 822 208
2
2
2
2
1 228 827 160
1 212 511 345
1 125 388 759
1 197 250 121
1 881 924 211
2
2
1 739 805 559
2
1 156 345 223
1 535 963 241
2
1 174 480 982
2
2
1 211 364 57
1 527 560 866
1 689 702 505
2
1 244 745 380
1 640 731 540
2
1 120 991 489
1 831 866 589
1 378 741 180
2
2
2
1 262 364 64
2
2
2
1 558 969 308
2
1 812 836 163
1 292 972 297
2
2
2
2
2
2
1 219 911 579
1 565 776 902
1 947 956 445
1 297 445 930
2
2
2
2
2
1 188 934 804
2
2
1 405 788 584
1 689 876 644
1 438 584 167
2
2
1 269 853 948
2
1 723 743 558
2
2
1 453 511 491
2
2
1 508 940 453
2
2
1 825 961 144
2
1 537 919 328
1 451 832 909
2
2
1 219 388 242
2
1 113 720 550
1 727 984 105
2
1 161 330 10
1 946 963 683
1 607 850 525
1 82 118 155
1 587 644 847
1 72 842 795
1 567 970 913
2
1 190 429 273
1 575 664 762
2
1 629 883 931
1 730 765 323
2
2
1 33 799 753
2
2
1 673 902 549
1 754 913 609
1 413 861 625
1 553 788 667
1 78 552 79
2
2
1 540 646 894
2
2
2
1 696 834 408
2
2
1 334 895 67
2
1 316 421 619
1 637 909 807
1 395 716 53
2
2
1 606 863 323
1 877 967 451
1 288 927 733
1 633 832 515
2
1 884 946 192
1 208 258 295
2
1 828 880 816
2
2
2
1 663 979 144
2
1 524 878 429
1 542 841 708
1 360 528 459
1 316 511 924
1 562 751 907
2
2
2
2
1 790 961 172
1 119 674 417
1 664 790 241
1 461 820 130
2
1 589 863 974
2
2
1 629 994 474
1 301 751 935
1 943 974 858
2
2
2
1 748 751 193
2
1 879 983 31
1 316 462 420
1 611 675 177
1 898 994 544
1 150 198 3
2
2
1 415 991 382
1 477 718 862
1 333 870 988
2
1 881 881 927
1 405 913 698
2
1 718 988 59
2
1 910 922 573
1 761 838 263
2
2
1 206 727 287
2
1 373 822 774
2
1 432 799 984
2
2
1 272 716 467
1 74 911 751
1 344 681 721
2
2
2
1 386 572 776
1 337 337 374
2
2
1 80 301 970
1 464 603 310
2
1 925 967 756
1 166 252 664
1 30 250 382
1 150 839 89
2
2
1 544 967 980
1 852 958 294
1 876 939 113
1 57 269 613
2
2
2
1 689 897 678
2
2
1 304 349 197
2
1 416 822 364
1 769 993 553
2
1 896 938 679
2
1 297 504 144
1 599 646 259
1 402 868 868
2
2
2
1 9 664 206
1 712 925 431
1 776 949 424
2
1 644 980 360
1 749 758 968
2
1 469 658 777
1 465 861 843
2
1 103 940 177
2
1 637 669 830
2
2
2
1 524 977 623
2
1 410 943 970
1 872 882 332
1 346 839 140
2
1 429 871 592
2
2
1 266 787 628
2
1 962 974 868
1 65 353 922
1 760 918 274
2
1 218 535 994
1 773 866 767
2
2
1 21 714 205
2
1 444 605 556
2
2
1 657 966 174
1 704 975 618
1 336 470 356
2
2
2
2
1 377 627 969
2
2
2
1 519 736 203
1 219 406 744
2
1 374 994 4
1 199 574 952
1 322 909 820
2
2
2
2
2
2
2
2
2
1 969 995 583
1 187 242 387
1 79 91 328
1 15 845 752
2
2
2
2
2
2
2
2
1 111 166 358
2
2
1 967 974 477
2
2
1 297 673 720
1 133 957 105
2
1 657 959 697
1 185 479 107
1 39 291 324
1 425 854 323
1 516 635 375
1 860 979 9
2
1 595 858 485
1 310 907 39
1 392 591 678
1 161 721 910
1 701 803 309
1 535 949 840
1 915 987 670
2
1 112 987 681
1 848 916 558
2
1 902 916 101
1 336 782 460
1 986 991 427
2
2
2
2
2
1 184 751 897
2
2
1 17 348 234
2
1 755 918 337
1 941 970 443
1 975 981 812
2
2
2
2
2
1 652 918 545
1 127 841 308
1 712 917 131
1 202 753 990
2
2
2
2
2
2
2
2
1 934 993 265
1 87 879 572
2
1 871 961 124
1 163 685 254
1 687 778 474
2
2
1 153 792 687
2
2
2
1 809 866 301
2
1 674 980 402
1 203 610 514
1 451 759 232
2
1 194 485 456
2
1 141 495 273
2
2
2
2
1 206 522 188
1 505 601 175
2
2
2
1 981 987 782
2
2
1 723 728 671
1 371 387 737
1 793 977 446
1 457 959 285
2
2
2
2
1 514 689 227
1 935 985 962
2
1 771 884 410
1 678 813 715
1 253 311 235
2
2
2
1 108 413 593
2
1 474 584 890
2
2
1 452 469 433
1 722 891 105
2
1 92 917 932
2
1 572 756 78
1 45 231 86
2
1 531 842 588
1 247 316 119
2
1 383 915 212
1 84 632 152
1 39 111 805
2
1 248 501 78
1 297 574 210
2
1 495 865 448
2
2
1 879 885 25
1 945 993 929
1 3 794 143
2
2
2
1 683 719 94
1 550 874 800
1 54 171 721
1 752 962 763
2
2
1 409 624 183
1 689 804 100
2
2
1 245 334 427
1 919 971 312
2
1 389 915 470
1 896 908 594
2
2
2
1 818 836 604
2
2
1 359 454 491
1 560 818 404
1 35 699 928
1 865 988 219
2
1 431 592 966
1 95 464 627
1 648 864 384
2
2
2
1 63 738 513
1 296 625 40
1 695 915 643
1 924 924 776
2
2
2
1 473 476 643
2
1 336 613 343
1 925 989 845
2
2
2
2
2
1 85 311 392
1 910 923 127
1 555 799 228
2
2
1 455 925 321
1 161 894 343
2
1 723 872 960
2
1 107 459 221
2
1 717 885 550
2
2
2
2
1 634 705 862
1 982 989 807
2
1 97 796 47
2
1 42 844 985
2
2
1 56 838 314
2
2
2
2
1 607 874 697
1 49 280 147
2
2
2
1 717 823 757
2
1 254 853 366
2
1 223 500 446
2
2
2
2
1 21 340 695
2
1 765 828 231
1 819 846 898
1 487 521 652
1 35 724 145
2
1 731 850 156
1 146 266 74
1 125 955 481
2
2
1 284 409 191
2
2
2
2
2
2
2
2
2
1 928 959 307
1 444 964 550
1 111 181 141
2
1 54 739 745
1 376 807 715
2
2
2
2
1 177 818 968
2
1 635 867 642
1 730 765 618
2
2
2
1 656 827 157
2
2
2
1 780 982 624
1 205 915 136
1 847 982 970
2
2
2
1 832 974 916
1 252 913 954
2
1 399 868 576
1 113 869 434
2
1 259 744 700
1 11 353 490
2
2
1 783 902 665
1 631 636 202
2
1 652 896 280
2
1 928 979 461
1 671 912 91
2
1 409 519 204
2
1 385 972 773
1 244 580 136
2
1 3 26 670
2
1 796 973 366
2
1 676 811 989
2
1 197 628 970
1 34 894 443
1 4 453 51
2
1 868 951 89
2
2
1 366 864 929
1 148 765 990
1 249 541 83
2
1 262 363 289
1 790 819 811
2
1 951 980 391
1 803 828 462
2
1 524 684 475
1 834 878 802
1 23 38 509
2
2
1 445 598 54
2
1 783 895 237
1 541 616 717
2
1 366 827 986
2
2
2
2
1 880 940 762
1 740 809 801
1 253 745 398
2
2
1 913 966 402
2
1 382 907 302
1 652 681 787
1 54 443 237
2
1 766 901 728
2
1 429 819 336
1 309 387 940
2
2
1 182 865 984
1 839 870 178
2
1 695 847 132
2
1 650 846 637
1 542 659 364
2
1 823 957 973
1 904 920 722
1 975 994 65
1 54 331 411
1 883 888 368
2
2
2
2
2
1 140 802 956
2
2
2
2
2
1 490 774 197
1 521 961 106
2
2
1 499 583 691
1 669 789 115
2
1 601 618 677
1 262 927 302
2
1 733 833 79
2
2
1 740 796 489
2
2
1 919 939 436
2
1 175 724 270
1 200 534 904
2
2
2
1 509 547 411
2
2
1 972 972 495
2
1 92 640 102
1 62 488 549
1 670 957 246
1 263 742 715
2
2
2
1 923 989 729
2
2
1 700 768 766
1 331 827 888
1 576 977 636
2
1 648 697 603
1 301 430 274
2
1 146 797 880
1 140 541 894
2
2
2
1 919 941 688
2
2
2
2
1 208 951 269
2
2
2
1 154 551 701
2
2
2
1 178 657 27
2
1 926 941 324
2
1 189 628 251
1 282 666 947
1 973 979 951
1 670 757 904
1 989 992 796
2
1 615 960 926
1 662 710 770
2
1 150 743 316
1 833 952 450
2
1 766 949 272
1 356 803 208
2
1 132 476 815
2
2
2
2
1 762 856 292
1 497 658 927
2
1 84 839 67
2
2
2
2
1 511 579 505
2
2
1 703 886 433
1 935 975 13
1 421 743 774
2
2
2
2
2
2
1 471 938 916
2
1 389 577 249
2
1 385 745 594
1 218 698 777
2
2
1 417 557 823
1 181 949 625
1 167 880 402
1 466 786 373
1 884 902 286
1 363 776 514
1 565 733 84
1 743 956 386
1 864 960 895
1 210 711 883
1 218 878 616
2
2
1 193 520 569
2
1 314 508 233
1 562 844 876
1 856 897 207
2
1 246 386 144
1 151 901 578
2
1 892 933 766
1 252 731 175
2
2
2
2
1 42 796 19
2
1 620 881 680
1 647 717 29
2
2
1 349 895 599
2
1 720 814 323
2
2
2
2
2
2
1 100 810 781
2
1 409 548 886
1 442 860 338
1 283 975 813
1 117 860 515
2
2
2
2
1 924 926 266
1 973 973 874
1 284 838 460
1 586 809 290
1 637 883 515
1 323 500 250
1 655 727 413
1 490 965 896
1 240 902 739
1 13 194 258
2
1 674 885 337
1 753 975 968
2
1 494 644 176
2
1 188 425 143
2
1 752 809 190
1 636 771 508
1 786 961 694
2
1 937 959 790
1 146 453 68
1 591 647 433
1 481 513 191
2
1 279 411 388
1 684 927 545
1 104 700 46
1 624 835 626
1 32 158 520
1 775 917 684
2
2
2
1 927 949 724
1 456 538 727
1 509 907 426
1 742 989 221
1 113 695 345
1 871 947 215
1 940 957 683
1 49 327 39
1 890 907 109
1 928 964 316
2
2
1 936 992 218
1 125 831 65
1 745 758 177
2
2
1 140 877 24
2
2
1 551 645 314
2
1 386 570 639
1 363 508 603
2
1 20 343 409
2
1 740 972 623
2
2
2
1 777 987 983
2
2
2
2
1 389 632 182
1 729 883 128
1 414 816 592
1 361 811 718
1 514 700 784
2
2
2
1 582 856 621
2
1 627 950 328
1 681 692 46
2
2
1 779 964 414
1 642 713 476
2
1 452 859 245
1 252 325 730
1 526 580 673
1 841 876 344
2
1 347 369 955
1 666 772 387
2
1 788 951 684
1 263 549 544
1 877 883 246
2
2
1 849 901 701
2
2
1 223 678 48
2
1 104 372 286
2
1 216 604 922
1 141 704 10
1 771 963 450
2
2
2
1 265 602 835
2
1 433 849 5
2
2
2
1 173 627 331
2
2
1 776 975 889
2
1 680 929 5
2
1 638 652 572
1 519 526 620
2
2
1 512 950 703
2
2
1 184 585 251
2
2
1 817 864 263
2
1 927 991 120
1 830 848 935
2
1 907 988 645
2
2
2
1 344 990 795
1 475 706 874
2
1 676 813 952
1 989 993 185
2
2
2
1 781 818 312
2
1 315 597 535
2
2
2
2
1 827 853 256
2
2
1 634 661 311
1 398 895 214
1 50 298 686
1 891 953 673
2
2
2
1 412 612 793
2
2
2
2
2
2
1 81 830 313
1 760 910 161
2
1 441 826 359
2
2
2
2
1 756 958 243
2
2
2
1 970 980 836
2
1 117 342 512
1 155 948 172
2
1 276 539 0
1 202 209 655
1 15 727 588
2
1 30 975 209
2
1 857 972 547
1 117 945 755
2
2
2
2
1 955 985 235
1 508 964 88
2
1 872 914 383
1 625 838 742
2
2
1 167 756 997
2
1 39 861 156
2
1 493 693 585
1 606 653 551
2
1 309 530 819
2
2
2
1 25 149 494
2
2
2
1 744 842 864
1 231 709 970
1 950 959 409
2
2
1 435 663 812
2
1 155 277 199
2
2
1 245 380 446
1 823 937 246
2
1 484 714 509
2
1 319 695 714
1 378 463 353
1 754 835 296
1 885 993 650
2
1 501 826 417
2
2
1 832 934 328
2
1 906 940 746
2
2
2
1 371 845 725
1 946 956 864
1 758 814 283
1 436 858 498
2
2
2
1 307 626 286
2
1 632 988 436
1 279 954 846
2
2
2
2
1 421 816 331
2
1 594 636 103
1 932 992 319
1 9 77 208
2
2
2
1 521 891 326
1 824 971 18
2
2
2
1 166 828 881
1 340 842 47
2
1 726 916 931
2
2
1 238 712 848
1 276 656 833
1 765 933 925
1 235 870 685
2
2
2
2
1 683 789 217
1 908 992 269
2
1 352 700 500
2
1 162 640 316
1 767 930 901
1 97 779 52
2
2
1 46 269 969
1 975 995 840
1 947 976 591
2
2
1 207 981 669
2
2
1 30 466 344
2
1 93 714 910
2
1 138 392 639
2
1 414 576 695
2
1 124 523 891
1 366 989 92
2
2
1 891 909 20
1 398 934 477
1 403 589 810
2
1 852 994 761
2
2
2
2
1 80 656 1
2
2
2
2
1 472 761 140
1 636 667 947
1 450 755 773
2
2
1 57 923 790
1 487 898 471
2
1 444 862 191
2
1 204 566 107
1 47 94 88
2
1 751 870 703
2
1 537 623 578
1 655 683 231
2
2
2
1 848 914 5
1 210 241 920
1 59 507 673
2
2
1 893 941 42
2
2
2
1 913 960 328
2
2
1 61 472 970
2
2
1 224 825 424
1 660 905 481
2
2
1 609 922 527
1 629 884 866
1 578 723 21
1 271 525 129
2
1 863 893 216
2
2
1 830 989 601
1 138 887 426
2
2
2
1 234 454 167
1 950 972 624
2
1 128 962 889
2
1 497 653 528
2
1 521 769 577
2
2
2
2
2
2
1 892 963 198
1 159 295 767
2
2
1 696 973 358
1 915 918 7
1 68 68 548
1 710 895 419
2
1 443 953 313
2
2
2
1 278 850 752
1 548 887 186
2
2
2
2
2
2
1 578 880 826
1 966 972 894
1 835 906 907
2
1 974 995 13
2
1 927 957 579
1 738 894 209
1 505 761 55
2
1 921 931 199
2
1 229 474 257
1 52 457 830
1 370 426 995
2
1 847 874 427
1 4 280 25
2
1 308 318 43
1 765 931 377
2
2
2
1 112 355 102
2
1 746 940 602
2
1 706 948 780
1 946 952 968
2
2
2
2
2
1 353 453 34
2
2
1 917 950 851
1 851 949 835
2
1 867 973 236
1 566 960 287
1 109 647 113
2
2
2
2
1 955 984 882
2
1 925 939 781
2
1 767 804 908
2
2
1 429 978 84
2
2
2
2
1 534 551 314
2
1 982 982 329
2
1 327 380 706
1 905 917 760
1 828 935 409
2
1 260 409 392
1 166 876 461
2
1 103 777 860
2
1 493 520 552
2
1 777 990 491
1 978 991 161
1 672 837 278
2
2
2
2
1 545 980 315
2
2
1 692 921 814
2
2
1 765 965 966
1 375 636 338
1 368 563 983
2
1 429 682 771
1 5 12 303
2
2
1 210 699 15
1 341 696 780
1 409 555 122
2
2
2
2
1 790 963 698
1 178 485 642
1 431 458 376
2
1 208 331 220
1 985 992 351
2
1 371 675 163
1 921 930 404
2
1 333 701 480
2
1 443 569 21
1 376 535 260
2
2
2
1 199 223 502
2
1 337 698 413
1 604 604 492
1 447 690 33
2
1 9 789 933
1 761 796 67
1 177 843 639
1 185 231 192
2
1 68 500 821
1 151 892 58
2
1 351 824 957
2
2
2
1 854 960 979
1 595 994 444
2
2
1 829 947 191
1 265 952 44
2
1 618 843 249
2
1 232 549 2
2
2
1 578 880 887
1 525 821 866
2
2
1 525 840 698
2
1 706 993 992
1 13 573 904
2
1 107 590 753
2
2
1 263 278 559
2
1 219 980 235
1 177 448 703
1 928 949 333
1 720 953 917
1 765 890 716
2
1 377 689 712
1 899 931 859
1 266 281 886
1 213 770 780
1 442 971 393
2
2
1 80 222 989
1 779 898 302
1 57 202 497
2
2
2
1 800 946 20
2
2
2
2
1 16 853 398
1 285 811 668
1 725 783 853
2
2
2
1 327 946 600
2
2
2
1 672 888 266
2
2
1 172 313 589
2
1 149 919 22
2
2
1 214 319 251
2
2
1 927 989 97
2
1 713 788 84
1 958 980 553
1 749 755 429
2
1 757 845 918
2
1 12 170 910
1 264 740 660
1 972 986 126
1 327 723 376
2
1 512 984 257
1 726 744 93
2
2
1 748 906 461
2
2
1 217 992 788
2
2
1 207 243 743
2
1 147 507 761
1 876 918 656
2
1 234 424 941
2
1 752 868 199
1 426 752 999
1 843 932 201
1 823 922 266
2
2
2
2
1 383 835 661
1 689 927 738
2
1 940 945 12
1 710 764 372
2
2
1 359 673 218
1 701 939 743
2
2
2
1 787 912 98
1 875 914 107
2
2
1 241 358 771
1 517 938 862
2
2
1 619 741 296
1 477 787 804
1 216 281 161
1 121 293 587
1 367 799 86
1 303 868 686
1 334 712 758
1 860 939 432
2
1 55 478 498
1 219 930 641
2
1 383 585 912
1 554 804 642
1 59 659 344
1 209 734 186
1 280 580 622
1 638 988 724
2
2
2
1 264 518 343
2
2
2
1 235 278 645
2
1 222 412 804
2
2
2
2
1 942 986 465
2
2
2
2
1 820 984 844
2
1 380 846 75
1 124 403 766
1 546 892 977
2
1 753 843 172
1 421 771 222
1 825 841 426
2
2
1 57 645 73
1 992 994 266
1 82 923 201
2
2
2
1 929 983 265
2
1 480 977 197
2
1 336 843 518
2
1 390 754 497
1 438 450 575
1 114 965 863
2
2
2
2
1 160 841 456
1 220 564 987
2
1 701 969 488
2
1 836 840 84
2
1 300 995 934
2
2
2
2
1 300 977 799
1 99 281 257
1 613 915 0
1 391 575 182
2
1 301 465 74
2
2
2
2
1 207 383 891
1 508 572 928
1 381 777 971
1 43 479 773
1 393 775 965
2
2
1 219 323 78
1 727 784 92
1 219 657 326
2
2
2
1 181 793 663
1 805 916 398
2
1 613 835 140
1 770 873 311
1 255 877 427
1 298 400 317
2
2
1 546 597 795
1 762 789 49
2
2
2
2
2
2
1 886 907 884
1 608 707 65
1 382 754 366
2
2
1 990 991 580
1 71 227 767
1 342 777 269
2
2
2
1 269 499 23
2
2
2
2
2
2
1 474 756 188
2
1 885 887 307
2
1 895 978 389
1 723 838 283
1 138 642 542
2
1 468 773 886
1 590 836 896
2
2
2
2
1 164 708 27
2
1 961 977 694
2
1 928 988 968
2
2
1 611 659 743
2
2
1 114 958 119
2
2
2
1 970 977 733
1 218 933 521
2
2
2
1 66 671 464
2
1 313 475 110
2
1 52 697 876
1 971 973 113
2
2
2
2
2
1 578 825 55
2
1 371 687 690
1 696 859 304
1 57 724 440
1 224 886 791
1 742 865 404
1 260 566 909
2
2
1 858 934 1
2
2
2
2
2
1 879 887 969
1 232 861 539
2
1 14 358 457
2
1 845 900 688
1 412 952 117
2
2
1 905 948 224
1 142 599 67
1 309 627 474
1 864 957 975
2
2
1 41 81 862
1 196 709 624
1 190 975 249
1 780 897 979
1 393 426 713
2
2
1 418 544 137
2
2
2
2
2
2
1 11 342 159
1 986 990 4
1 85 317 457
2
1 102 820 525
2
2
2
2
2
1 535 975 527
2
2
2
1 148 734 125
2
1 227 799 353
1 27 760 410
2
2
2
1 59 284 187
1 407 883 71
2
1 402 620 291
2
2
2
1 67 514 461
2
2
2
1 243 431 728
2
2
1 746 772 637
2
1 482 567 663
1 947 959 749
1 102 459 962
2
2
2
2
2
1 546 908 137
2
1 145 431 544
1 712 876 457
1 331 492 212
1 814 816 299
1 338 782 482
1 480 943 897
1 339 617 414
2
1 422 555 684
2
2
1 424 853 932
2
1 47 244 750
2
1 421 769 360
1 726 880 916
2
2
2
1 488 813 615
2
2
2
2
2
1 227 949 368
1 901 964 844
1 653 702 662
2
2
2
1 63 452 651
1 75 318 584
1 261 554 754
2
1 121 382 728
2
2
2
1 6 160 981
2
1 232 657 383
1 687 946 103
1 85 660 580
2
1 665 803 560
1 102 250 774
2
1 222 518 643
2
1 703 860 847
1 350 552 571
1 575 702 648
1 620 803 317
2
1 76 146 989
1 362 711 332
1 106 403 105
1 849 989 84
1 232 586 320
2
1 27 234 479
2
1 866 886 807
2
2
2
1 79 474 383
1 289 548 959
1 217 445 176
2
2
2
2
1 180 403 291
1 76 792 42
2
1 242 718 206
2
2
2
2
2
1 241 827 335
2
2
1 264 455 838
2
2
1 616 808 141
1 506 592 300
2
2
1 64 941 7
1 203 726 67
2
2
1 875 987 510
2
2
1 63 760 159
2
1 29 921 421
1 138 482 694
2
1 400 483 837
1 144 776 161
1 869 932 36
2
1 864 889 977
2
1 760 774 925
2
2
1 665 857 399
1 784 892 450
2
1 640 741 51
2
1 286 935 255
1 488 789 798
1 542 913 454
1 339 962 63
1 158 170 725
2
2
2
2
2
1 40 940 188
1 619 711 73
1 525 879 251
2
1 993 994 533
2
2
1 1 41 252
1 111 792 709
2
1 969 993 97
1 157 936 472
2
1 272 935 672
2
2
1 771 966 526
1 418 504 484
1 843 862 390
2
1 436 929 947
1 258 630 361
1 267 864 587
1 180 292 926
1 964 988 927
2
2
1 619 871 915
2
1 211 416 588
1 374 782 335
1 144 192 373
2
2
2
1 168 337 640
1 344 481 512
2
2
2
2
2
1 2 934 263
1 253 958 870
2
2
1 295 393 334
2
2
1 668 843 774
2
1 870 992 825
2
1 340 490 303
1 518 762 140
2
2
1 230 858 780
1 37 343 5
2
1 112 501 602
1 885 960 606
1 293 878 519
2
2
1 429 557 410
1 201 365 680
1 299 521 439
2
1 160 163 410
2
2
1 112 820 248
2
2
2
2
2
2
2
1 734 748 640
2
1 338 385 455
2
1 68 502 892
2
1 588 986 664
1 321 693 718
1 327 929 602
2
2
2
1 755 871 177
1 557 962 452
2
2
2
1 535 579 744
2
2
1 43 981 79
1 143 777 308
1 623 784 226
2
1 513 900 302
1 317 761 493
1 163 730 150
2
1 101 388 773
1 217 272 899
2
1 849 875 644
1 717 972 138
2
1 316 487 537
1 484 776 247
1 518 846 304
2
1 575 852 197
1 351 673 357
2
1 552 774 207
1 363 477 539
2
2
2
2
2
1 754 874 474
2
1 822 951 12
2
2
2
1 307 632 756
1 744 878 547
2
1 283 899 384
1 956 974 650
1 602 637 288
2
1 363 426 911
1 643 893 158
1 11 798 960
1 941 987 480
2
1 347 975 801
1 973 987 437
1 33 739 467
2
1 153 398 930
2
1 251 680 401
1 872 914 3
2
2
2
2
1 172 912 674
1 730 807 737
2
1 667 782 152
1 786 803 117
1 208 836 164
1 871 904 734
2
2
2
2
1 210 262 682
1 922 959 900
2
1 531 881 80
2
1 250 381 62
2
2
2
2
1 139 170 909
1 962 983 903
2
2
2
2
1 393 480 966
1 664 760 108
1 239 699 688
2
1 91 680 598
2
1 819 966 733
2
2
1 43 786 644
2
2
2
2
1 9 570 202
1 838 970 766
1 713 768 4
2
2
1 91 206 864
1 824 990 298
2
1 903 947 16
1 466 487 397
2
2
2
1 642 725 112
2
2
1 184 934 157
1 503 555 67
1 781 842 809
2
1 486 911 607
1 856 907 238
1 797 818 19
2
1 47 782 550
1 757 829 366
2
1 630 877 197
2
1 191 658 427
1 580 795 231
1 235 643 589
2
1 41 788 490
2
1 338 768 312
2
1 100 284 551
1 396 704 505
2
1 521 629 122
1 232 931 731
1 455 608 507
2
1 889 925 660
2
2
1 806 990 152
2
1 515 941 880
2
2
2
2
1 250 433 544
2
1 211 860 833
2
1 87 480 141
1 945 961 802
2
2
2
2
2
1 611 921 615
2
1 928 970 431
1 192 982 884
2
2
1 686 959 562
2
1 532 772 486
2
2
1 46 263 216
1 770 807 412
2
2
2
2
2
2
1 554 915 815
2
2
1 841 853 728
1 162 946 418
2
1 703 814 320
1 480 559 235
1 568 604 155
2
2
1 534 790 108
1 389 730 487
2
2
1 792 814 423
2
1 114 771 356
2
1 112 546 400
1 277 950 471
2
2
1 702 940 582
1 395 929 853
2
2
2
2
2
1 244 980 911
1 608 702 586
1 446 492 44
1 374 397 811
1 180 564 20
2
1 975 985 559
1 973 994 99
2
1 394 446 913
1 281 438 241
2
1 228 487 815
2
1 383 818 159
2
1 418 798 539
2
2
2
1 981 987 314
1 391 510 191
2
1 888 892 104
2
2
2
2
2
2
1 141 416 978
2
1 31 77 2
1 603 782 740
1 649 811 998
1 462 473 372
1 149 704 653
1 135 331 849
2
2
2
2
1 328 948 867
1 956 990 247
1 435 888 112
1 676 703 707
1 789 803 911
2
1 338 852 906
1 362 605 250
1 609 787 797
1 823 827 640
1 565 942 419
2
1 288 637 767
2
1 276 281 300
1 988 995 673
2
1 664 942 737
1 483 824 985
2
1 176 918 641
2
2
2
1 945 993 769
1 434 825 302
2
1 853 888 443
2
1 499 713 623
2
2
1 954 988 550
1 193 965 649
1 357 741 237
2
1 102 450 543
2
2
1 683 810 831
2
1 177 889 833
1 976 985 743
1 848 963 16
2
1 382 728 996
2
2
2
2
2
1 167 687 425
2
2
1 734 908 865
1 461 737 346
1 177 818 586
2
2
1 643 650 494
2
1 901 901 938
2
1 17 309 119
1 836 866 131
1 835 856 663
2
1 869 932 836
1 311 343 286
1 95 338 860
1 449 522 148
2
1 745 881 55
1 347 922 194
1 578 921 733
1 14 725 692
2
1 335 401 544
2
1 65 420 88
2
2
2
1 281 880 250
1 909 947 851
2
2
1 931 959 820
2
2
1 863 892 853
2
2
2
2
1 476 511 416
2
1 488 872 658
2
2
1 698 959 718
2
2
1 647 764 437
2
2
2
2
2
2
2
2
2
1 988 988 391
1 342 525 228
1 427 591 473
1 1 347 840
2
2
1 334 793 222
1 620 862 650
1 106 544 164
2
2
2
1 185 909 783
1 221 307 398
2
2
1 591 667 448
1 255 590 911
2
2
1 306 683 600
2
1 217 392 15
2
2
2
2
2
1 253 317 228
2
2
2
2
1 551 979 757
1 569 696 569
2
1 554 773 76
2
2
1 605 781 443
2
2
1 913 924 915
1 316 446 64
1 272 843 437
1 83 818 238
2
1 200 402 216
1 437 518 804
1 443 731 918
2
2
1 816 917 574
2
1 735 823 854
1 585 708 698
1 655 843 238
2
2
1 896 914 994
2
1 343 783 291
1 536 542 234
2
2
2
1 846 910 481
2
1 129 946 935
2
2
2
2
2
2
2
1 342 775 937
1 722 760 448
2
2
1 349 404 202
2
2
1 602 636 51
2
2
2
2
2
2
2
1 289 566 969
1 413 641 676
1 510 542 12
1 56 900 718
1 919 991 785
1 951 964 340
2
2
1 871 874 237
1 443 507 593
2
2
2
2
2
2
2
2
2
1 248 413 116
2
2
1 578 770 71
2
1 928 933 525
2
1 136 867 399
1 138 717 545
1 52 776 581
1 434 738 947
2
1 141 614 652
2
2
2
1 994 995 599
1 862 865 24
1 271 275 92
1 779 834 599
1 864 916 968
1 154 413 605
1 191 289 801
2
1 294 579 301
1 200 529 762
1 44 648 499
2
2
1 109 492 746
1 827 884 807
1 282 287 520
1 542 887 818
2
2
2
1 238 531 547
1 236 899 715
2
2
1 992 992 121
1 356 526 391
2
1 820 859 980
1 405 917 726
1 375 949 436
2
1 490 911 522
1 736 743 756
1 23 263 995
2
1 988 990 385
1 232 519 360
1 197 721 289
1 299 468 459
1 47 419 298
1 490 565 730
2
2
2
1 215 804 395
1 910 965 88
2
2
1 250 984 276
1 71 124 180
1 600 876 467
2
1 599 775 670
2
1 552 893 368
1 340 347 904
2
2
1 257 687 699
2
2
1 513 572 596
2
1 199 319 947
2
2
1 236 557 257
2
1 986 988 380
2
1 201 746 84
1 589 620 44
1 422 584 728
2
1 669 726 877
1 683 738 96
2
1 901 928 724
2
1 470 631 820
2
1 941 942 722
2
1 232 877 398
2
2
1 612 729 461
1 455 765 859
2
1 128 759 551
2
2
1 109 314 88
1 618 917 420
2
2
2
2
2
1 423 746 566
1 259 853 482
2
1 966 991 876
2
2
1 978 982 199
1 956 990 921
2
2
1 367 652 499
2
2
2
1 320 843 842
1 302 601 198
2
2
1 800 816 758
1 49 986 533
1 56 735 135
2
1 403 565 214
1 42 140 72
1 47 259 26
1 749 899 427
2
1 168 448 842
1 243 342 435
2
1 727 966 739
2
1 982 985 91
1 513 665 948
1 107 273 352
1 48 587 839
2
2
2
2
1 429 736 100
2
2
2
1 779 852 675
2
2
1 20 77 726
2
1 3 587 861
2
2
2
2
1 563 820 121
1 882 994 537
2
2
2
1 80 952 161
2
2
1 470 712 779
1 421 775 671
2
2
2
2
1 429 593 587
1 715 773 725
2
1 680 723 999
1 413 878 638
1 769 845 337
1 198 846 307
1 525 719 910
2
2
1 588 750 454
2
1 844 900 100
2
1 928 940 336
2
2
2
1 115 508 639
1 464 718 930
1 721 775 42
1 842 957 201
2
2
1 112 961 823
1 314 925 408
1 13 972 768
1 100 841 563
1 836 926 450
2
1 188 524 72
2
2
2
1 883 927 969
1 820 961 818
2
1 327 481 80
2
1 371 612 356
1 657 732 554
2
2
2
2
1 810 892 691
2
1 888 895 545
1 802 952 707
2
1 383 581 980
1 878 954 840
2
2
1 931 965 135
2
1 568 932 474
2
1 262 483 710
1 703 940 308
1 568 842 271
1 538 554 102
2
2
1 515 569 784
1 230 238 572
1 62 667 160
2
2
1 455 883 861
2
2
2
2
2
1 826 828 965
2
2
1 865 994 577
2
2
2
2
2
1 103 805 721
2
1 839 876 406
1 562 674 270
2
1 82 145 844
1 265 884 256
2
2
1 508 977 351
1 508 918 776
2
1 520 963 519
2
2
2
1 424 547 997
1 236 788 591
1 482 942 439
2
1 171 815 994
2
1 330 722 201
2
1 363 521 955
2
2
2
1 12 794 199
1 742 800 598
2
2
2
1 77 295 603
2
1 155 901 761
2
1 40 135 493
1 173 894 921
2
1 449 526 321
1 345 989 29
1 570 879 329
1 112 494 213
1 159 813 908
1 609 918 753
2
1 96 763 342
2
1 442 741 230
1 307 720 598
2
2
1 86 546 790
2
1 689 826 622
1 321 364 500
2
2
2
2
2
1 216 735 638
2
2
1 646 712 515
2
2
2
2
2
2
1 314 453 976
2
1 692 840 864
2
2
2
1 403 560 927
2
2
1 95 150 25
1 51 870 566
1 378 634 463
2
1 775 961 549
2
2
1 206 953 958
1 917 962 698
1 86 155 383
2
1 443 973 91
1 62 952 810
2
1 875 939 720
2
1 909 933 412
1 831 901 135
2
2
1 24 881 618
1 864 926 237
1 387 532 761
1 592 771 455
1 274 599 52
2
2
1 602 748 43
1 684 694 558
1 249 314 613
2
2
1 608 877 459
1 355 360 803
1 186 776 309
1 21 156 688
2
2
2
1 982 986 425
1 458 975 349
2
1 115 558 131
1 426 441 553
2
1 457 704 952
2
1 792 818 658
2
1 562 679 395
2
2
1 644 888 315
1 27 46 166
1 158 697 64
2
1 711 726 88
2
2
1 51 112 341
2
1 450 933 859
2
2
1 712 815 260
1 488 781 994
1 170 424 9
1 521 528 734
2
2
1 252 951 906
1 464 498 862
2
2
1 950 991 37
1 494 828 354
1 707 735 582
2
1 758 991 989
2
2
2
1 772 993 351
1 188 287 226
1 874 901 279
1 802 830 777
2
1 989 992 455
2
1 434 690 373
1 466 958 497
2
1 491 621 811
2
2
1 748 902 756
2
1 920 929 8
1 920 936 739
2
1 828 958 353
1 823 857 697
2
2
2
1 373 675 510
1 45 735 358
1 478 505 231
2
2
1 380 483 230
1 562 789 771
2
1 67 647 471
1 502 594 264
2
1 153 181 978
2
1 49 894 447
2
2
2
2
1 545 940 734
1 749 854 30
2
2
2
1 640 836 93
1 312 940 243
1 740 751 497
2
2
2
2
1 885 963 999
2
1 346 933 764
2
2
2
2
2
2
1 215 959 318
1 59 182 451
1 341 693 496
2
2
2
1 261 488 107
1 317 513 615
1 161 339 213
2
2
1 953 977 558
1 219 435 397
2
2
1 189 431 649
1 527 888 719
2
2
2
1 711 876 49
2
1 886 895 603
2
2
1 620 642 876
2
2
2
1 251 406 973
1 462 746 649
2
2
1 660 799 484
1 762 763 258
2
1 520 561 77
2
2
2
1 813 982 249
2
1 6 339 686
1 337 686 559
2
1 364 557 828
2
2
2
2
1 577 716 836
2
1 649 764 696
1 960 994 497
1 97 968 361
2
2
2
2
1 790 940 556
1 784 807 57
2
2
2
2
2
2
2
1 902 942 250
1 726 817 370
1 981 990 517
1 289 833 60
1 396 571 431
2
1 300 802 578
1 259 489 411
2
2
1 830 865 173
1 890 983 175
2
1 360 537 605
1 853 927 147
2
1 355 522 118
1 456 626 103
2
1 253 929 816
1 404 500 133
2
2
2
2
2
2
2
2
1 610 737 410
2
1 707 881 415
2
1 261 436 265
2
1 993 993 417
1 79 963 508
1 610 936 37
2
1 382 810 644
1 865 989 491
2
2
1 662 762 740
1 435 716 672
2
2
1 102 317 940
2
2
1 949 956 162
2
1 123 403 893
1 505 810 721
1 749 779 566
1 148 461 486
1 621 793 748
2
1 648 705 720
1 406 553 655
2
2
1 600 992 944
2
2
2
2
1 590 984 633
2
1 747 802 411
1 543 672 864
1 868 920 597
2
1 367 778 573
1 962 977 619
1 841 928 120
1 419 653 223
1 907 954 381
2
1 900 940 215
1 831 936 949
1 444 538 423
1 388 974 930
1 816 993 311
1 378 857 918
1 410 412 492
1 965 970 714
1 303 337 585
1 398 622 354
2
2
1 714 766 227
1 21 988 163
1 114 525 568
2
1 675 721 771
2
2
2
1 961 971 533
1 426 578 435
2
2
1 228 373 457
1 414 922 792
2
1 375 905 882
2
1 915 989 61
2
1 751 950 261
1 417 902 499
2
2
2
1 115 548 835
2
1 227 881 487
2
1 199 461 79
1 49 163 449
2
2
2
2
2
1 953 963 645
1 31 52 494
1 159 309 768
1 327 797 929
1 219 304 485
1 358 592 228
1 530 716 801
1 183 445 597
2
1 886 952 272
2
2
2
2
2
1 922 959 723
2
2
2
1 481 882 941
1 329 882 416
1 868 982 696
1 926 928 3
2
1 460 693 115
2
2
1 582 906 802
2
2
2
1 382 503 713
1 868 881 382
2
2
1 285 960 459
1 355 375 487
1 264 670 525
1 896 962 41
2
1 900 938 86
1 968 972 201
2
2
2
2
2
1 54 286 297
1 516 889 717
1 563 837 133
2
2
1 67 527 727
1 721 928 845
2
2
2
2
2
2
2
1 803 914 536
2
2
1 512 935 345
2
2
2
1 774 905 278
1 995 995 761
2
2
2
1 209 617 949
1 719 927 730
1 156 178 101
1 981 995 685
2
1 382 513 177
1 23 104 242
2
2
2
1 518 697 756
1 355 722 958
1 258 883 178
2
1 583 882 24
2
1 278 540 634
2
1 864 889 912
2
1 285 614 34
1 448 763 779
2
2
1 659 823 277
2
2
2
2
1 856 903 707
2
1 880 890 69
1 797 829 25
2
1 122 979 719
1 557 956 339
2
2
2
2
1 345 725 669
2
1 369 501 61
2
1 134 662 440
1 874 978 330
1 107 594 336
2
1 974 978 599
2
1 435 897 503
2
2
1 306 709 989
2
2
2
2
2
2
2
2
1 566 642 750
1 642 910 322
1 684 825 289
2
2
1 876 942 673
1 637 936 11
2
1 132 524 234
2
1 333 723 5
1 488 959 284
1 983 988 138
1 207 949 839
2
2
1 238 575 17
1 758 798 587
1 819 867 141
1 924 931 858
1 543 897 503
2
2
2
2
2
1 76 333 347
1 817 891 337
1 225 675 648
1 315 671 650
2
1 95 413 118
2
2
2
2
1 287 386 226
1 764 812 51
1 792 987 984
2
2
1 91 773 34
2
1 341 970 619
1 665 772 167
2
2
1 988 994 804
1 481 671 312
2
1 541 690 94
2
1 151 971 586
2
2
2
1 798 839 853
2
1 708 914 56
1 453 551 906
1 147 489 926
1 499 608 521
1 536 891 64
1 824 930 254
2
1 291 415 447
1 339 836 939
2
2
1 995 995 360
1 875 964 11
2
2
2
2
2
2
1 267 951 967
1 80 402 908
1 594 688 183
1 203 762 773
2
2
2
2
1 187 632 321
1 971 972 651
2
1 846 978 925
2
2
2
1 960 984 365
2
1 522 651 312
2
1 251 340 896
1 62 745 174
2
1 964 978 888
1 58 538 547
2
2
1 766 772 729
1 533 824 187
1 827 828 264
2
2
2
2
2
1 131 731 660
1 763 927 662
2
2
2
2
2
1 675 815 271
2
1 788 793 314
1 146 423 661
2
2
1 37 798 988
2
2
2
2
2
2
1 853 866 28
1 371 743 102
2
1 538 686 484
2
1 456 794 168
1 297 438 515
2
2
2
2
2
2
2
2
1 874 945 644
1 250 456 133
1 238 413 225
1 564 605 774
1 633 919 276
2
2
1 464 789 89
1 315 821 910
1 975 985 933
2
1 879 913 62
2
2
1 807 982 12
1 399 575 663
2
1 880 941 439
2
1 516 516 567
2
2
2
1 434 992 573
1 93 756 5
2
2
1 593 810 375
1 727 878 373
1 19 602 735
2
1 649 918 207
2
2
1 92 469 178
2
1 876 995 918
2
1 91 890 396
1 992 992 238
1 875 969 472
1 209 914 921
1 25 220 99
2
1 576 691 523
2
2
2
2
2
1 587 643 330
1 618 736 811
2
2
2
1 477 480 184
1 521 853 132
1 968 989 818
1 674 710 574
2
2
1 251 467 513
1 72 77 978
1 439 723 475
2
2
1 136 745 574
2
1 568 962 89
2
2
1 38 712 585
1 765 920 541
1 959 981 722
2
2
1 264 912 115
1 552 841 830
2
2
2
1 945 952 918
1 501 649 303
1 96 748 565
2
1 725 984 952
1 154 728 896
2
2
2
2
2
2
2
1 399 820 616
1 637 845 612
2
1 79 245 355
1 760 950 393
2
2
2
2
2
2
1 412 655 322
1 602 776 475
2
1 670 732 419
2
1 383 942 785
2
1 672 874 580
1 139 278 88
2
1 862 865 429
1 444 522 938
1 988 990 605
2
2
1 754 774 166
2
1 230 591 126
1 465 610 738
1 980 994 595
2
1 970 986 957
1 908 957 852
1 877 994 2
1 831 931 808
2
2
1 993 995 341
1 460 730 97
1 560 906 979
1 206 335 846
1 953 982 50
2
2
1 903 947 595
2
2
1 592 678 705
2
2
2
1 147 394 256
2
2
2
1 903 940 435
1 167 847 785
2
1 230 414 94
1 37 916 860
1 168 712 463
2
2
1 842 885 598
1 1 282 383
1 274 764 762
1 105 617 553
2
2
1 492 506 341
1 72 233 675
2
2
1 502 762 661
2
1 502 575 773
2
2
2
1 409 731 425
1 705 800 130
1 840 966 354
2
1 898 953 53
2
1 359 492 942
1 6 272 754
1 57 740 749
1 242 808 128
2
2
1 237 742 45
1 246 947 463
1 710 891 761
1 555 818 486
2
2
1 396 667 173
2
2
1 687 857 780
1 541 804 423
1 560 646 131
2
2
1 991 994 542
2
1 628 918 497
1 273 884 895
1 14 464 566
2
1 747 984 851
2
1 621 735 598
2
2
2
2
2
2
2
1 328 965 705
1 903 992 173
2
1 790 826 889
2
2
2
2
1 361 935 751
1 950 975 750
1 162 692 298
1 2 443 264
2
2
2
1 532 615 998
2
2
2
2
1 764 874 970
1 857 978 306
2
2
1 863 986 535
1 129 151 130
1 753 934 284
2
2
1 326 618 457
2
2
2
1 429 745 949
1 111 603 673
1 275 470 500
2
2
1 496 865 956
1 803 963 835
2
1 178 452 40
1 546 857 146
1 17 116 694
2
2
1 793 991 985
1 218 513 298
2
1 570 769 527
1 448 851 949
1 40 471 367
1 937 980 254
1 981 986 468
1 420 625 103
2
2
2
1 511 934 34
1 216 458 510
2
2
1 665 687 254
2
1 134 395 444
1 890 922 603
1 909 966 163
1 915 985 174
2
2
2
2
1 35 271 254
2
1 19 440 381
1 867 874 332
1 756 914 756
2
1 360 854 324
1 587 837 48
1 49 73 464
1 36 381 342
1 741 947 244
1 703 938 987
2
2
1 324 588 27
1 178 969 460
2
1 270 289 532
1 943 983 711
2
1 229 254 428
1 881 911 975
1 335 875 552
2
2
1 607 635 857
2
1 668 877 892
2
2
1 928 948 112
1 777 868 370
2
2
2
1 797 842 163
2
2
2
2
1 433 482 300
1 203 975 499
2
2
2
2
1 561 861 388
2
2
2
2
1 733 834 857
2
2
2
2
2
2
1 681 720 496
1 194 801 894
2
1 733 874 494
2
1 890 894 387
1 209 508 181
1 147 548 353
2
1 835 889 670
2
2
2
2
1 223 848 128
1 402 647 481
2
1 864 957 211
2
1 74 549 262
2
1 801 853 978
2
1 154 296 457
2
1 533 684 157
1 708 788 59
2
1 517 798 161
2
2
2
2
2
1 641 832 666
2
2
1 577 774 108
1 839 868 503
1 623 948 581
2
1 717 919 638
2
2
2
1 238 880 26
2
1 562 708 318
1 871 872 220
2
1 124 639 573
2
1 858 903 660
1 154 436 924
2
1 208 317 56
1 132 790 277
2
1 597 940 494
1 562 655 735
1 618 867 1
1 870 892 524
2
2
2
2
1 190 503 589
2
2
2
2
1 649 945 642
1 913 917 870
1 567 898 374
1 363 518 450
2
1 127 789 885
2
2
1 249 963 594
2
2
2
2
2
2
2
2
2
2
1 889 947 755
2
2
1 264 660 755
2
1 704 770 277
1 931 971 464
1 925 958 424
2
2
2
1 315 423 174
2
1 383 546 591
2
2
1 670 812 412
1 67 783 998
2
2
1 955 991 32
2
1 372 407 31
1 679 980 93
2
1 413 754 247
1 370 434 594
1 114 818 625
1 819 821 107
1 712 725 200
2
1 633 827 507
2
1 463 992 856
2
1 70 290 845
2
1 338 727 887
2
1 76 616 785
2
1 307 978 516
1 839 940 362
2
2
2
1 674 783 766
1 46 804 605
2
2
2
2
2
2
2
2
1 65 807 607
1 362 540 266
2
1 774 776 510
2
1 377 675 47
2
2
1 199 268 70
1 787 886 179
1 708 782 305
1 887 969 380
2
1 774 879 139
1 94 493 726
2
2
1 300 960 498
2
2
2
1 442 765 531
2
1 247 298 145
2
2
2
1 316 658 649
1 792 886 84
2
2
1 361 846 371
1 690 983 857
1 494 650 668
2
1 309 531 810
2
2
2
2
1 835 855 287
1 315 591 79
2
1 373 567 487
2
2
1 471 558 652
2
2
1 52 524 969
1 774 781 907
1 717 781 798
2
2
2
2
2
2
2
1 656 937 573
2
1 863 877 326
2
2
1 56 696 35
1 733 887 595
2
1 552 648 575
2
2
2
1 287 617 845
1 845 926 435
2
1 989 995 163
1 789 951 800
2
2
1 687 836 479
2
2
1 82 808 967
1 15 502 407
1 870 895 634
1 506 520 696
2
2
1 733 782 187
1 528 809 868
2
1 877 905 882
1 719 790 419
1 447 958 909
2
2
1 737 774 746
2
2
2
1 769 860 877
1 575 974 173
2
2
1 187 871 994
2
2
2
1 2 78 596
2
2
1 320 754 336
1 66 151 896
2
1 286 671 612
1 667 803 336
1 97 689 626
1 289 863 175
1 916 991 322
1 156 297 64
1 64 756 172
1 458 870 972
1 171 989 836
1 710 724 121
1 852 905 841
2
2
2
2
2
2
1 963 979 896
2
2
1 319 397 3
1 956 995 633
1 345 397 861
1 93 177 201
2
1 897 991 980
2
2
2
1 911 932 534
2
1 789 903 744
2
2
1 377 726 480
1 421 574 447
1 448 735 527
2
2
1 979 988 785
2
1 29 239 128
1 121 200 992
2
1 85 117 403
2
1 961 994 445
1 844 915 882
1 677 779 242
2
2
1 806 851 25
1 233 633 309
2
2
1 865 949 738
1 720 836 227
1 368 663 453
1 555 582 662
1 599 892 91
2
1 18 73 56
2
1 649 972 202
1 190 554 79
2
2
1 232 698 326
2
2
2
2
2
2
1 513 537 982
2
1 806 859 955
1 985 989 462
1 694 881 444
1 396 430 869
1 73 769 28
2
2
1 808 822 73
1 278 960 393
2
2
1 114 871 948
1 236 995 636
2
2
2
2
1 851 979 608
1 830 973 43
1 81 723 435
1 138 595 64
1 74 287 506
2
2
2
1 971 995 187
2
2
2
1 379 611 300
2
2
1 400 473 977
2
2
2
2
1 156 705 780
1 23 992 939
2
1 703 800 970
2
2
1 231 732 788
2
1 195 629 580
1 155 274 496
1 453 601 135
2
1 633 652 819
1 543 849 294
1 178 203 188
2
2
1 993 993 100
2
2
2
2
1 860 870 731
2
2
1 533 644 821
2
1 796 921 120
1 594 662 932
1 86 127 854
1 299 487 222
1 449 495 858
2
1 555 885 488
1 823 897 273
2
1 471 678 742
1 192 842 49
2
2
2
1 503 899 509
2
1 58 496 528
2
1 285 845 1
1 932 971 74
1 670 678 218
2
1 412 634 165
1 584 714 975
2
2
2
1 264 990 27
2
1 573 678 853
1 664 773 611
1 80 542 547
2
2
1 409 430 731
1 572 641 273
2
1 482 867 259
1 329 740 269
1 830 959 863
2
2
1 20 227 974
2
2
1 685 890 576
2
2
1 581 735 779
2
1 422 717 25
2
2
2
2
2
1 119 613 729
2
1 541 960 149
1 557 853 162
1 846 873 103
2
1 355 630 459
2
1 335 491 241
2
1 987 990 137
2
2
2
1 275 619 308
2
1 701 735 643
2
2
2
2
2
2
2
1 974 976 785
1 438 764 525
2
1 215 560 643
2
2
1 195 265 897
2
2
2
1 581 947 124
2
1 812 981 442
1 711 753 470
2
2
1 603 934 274
2
1 234 523 494
2
2
1 434 668 491
1 599 728 158
2
2
2
1 138 290 765
2
2
1 447 594 526
2
2
1 471 959 653
1 355 524 469
1 486 774 820
2
1 842 906 456
2
2
2
1 456 587 350
1 408 643 184
1 977 985 214
2
2
1 124 270 585
1 773 841 353
2
1 15 344 477
2
2
1 537 766 562
1 776 815 353
1 383 979 568
1 259 713 762
2
2
2
1 760 785 857
2
1 117 780 225
2
2
2
1 396 791 880
1 739 796 236
1 345 653 856
2
2
2
1 792 983 5
1 642 694 660
2
1 781 855 945
2
1 232 355 296
1 319 994 144
2
2
2
2
2
1 513 817 589
1 469 776 92
2
2
2
1 657 782 203
2
2
1 436 912 61
1 641 990 352
2
1 476 816 837
2
1 892 987 158
1 210 662 965
1 489 857 85
1 473 698 906
2
1 756 861 954
1 222 641 272
2
1 488 989 570
2
1 293 950 940
2
2
1 245 712 521
1 236 839 270
1 591 687 335
2
2
1 555 935 586
1 107 217 374
1 867 939 576
1 753 975 875
1 46 245 90
1 596 598 373
2
2
1 982 991 809
1 957 966 6
2
2
1 328 747 338
2
2
1 717 731 126
2
2
1 544 948 722
2
2
1 643 846 411
2
2
1 305 398 555
2
1 270 422 748
1 564 643 694
2
2
1 345 470 155
2
1 123 937 848
2
1 22 353 108
2
2
2
1 931 960 905
1 424 941 156
1 992 992 738
2
2
1 104 375 992
2
2
2
2
1 690 918 135
2
1 43 913 374
1 626 635 203
1 86 599 276
1 341 536 888
1 684 762 768
2
1 629 665 127
1 823 858 936
1 186 809 287
2
2
1 324 780 443
1 338 956 367
1 586 618 909
1 848 985 688
1 756 842 239
2
2
2
2
1 9 480 849
2
1 352 587 929
2
1 800 972 685
2
2
2
1 630 724 49
1 257 728 21
2
1 849 891 687
1 420 724 675
2
2
1 664 781 738
2
2
2
1 690 881 282
1 824 948 336
2
2
2
1 158 561 121
1 143 458 721
2
1 895 935 918
1 279 378 714
1 185 763 500
2
1 99 764 453
1 479 940 762
2
2
1 485 604 434
1 728 780 212
2
2
2
1 173 879 564
1 623 883 564
1 388 459 643
2
1 109 909 357
1 173 343 247
1 273 349 518
1 940 983 234
1 652 950 435
1 261 992 887
1 929 934 611
2
2
2
1 49 241 221
1 143 655 310
1 34 300 357
2
2
2
2
2
1 410 534 766
2
2
1 271 968 294
2
2
1 390 615 242
2
1 681 694 796
2
2
2
2
1 211 736 960
2
2
1 2 651 268
1 638 641 269
1 600 618 350
1 597 946 480
2
2
1 466 780 620
1 634 703 717
1 304 464 263
1 825 832 453
1 919 976 485
1 860 892 532
1 259 580 1
1 672 755 222
2
2
2
2
1 778 857 318
1 557 705 537
1 744 838 114
2
1 279 531 313
1 309 373 561
1 899 974 495
2
1 965 969 199
1 705 733 119
1 544 740 898
1 306 465 619
1 650 932 822
1 230 529 340
1 294 552 639
2
1 583 611 163
1 43 926 778
1 743 803 620
1 541 876 83
1 881 901 545
2
2
1 307 597 232
2
2
1 593 743 563
1 745 778 122
2
2
1 777 795 680
1 866 896 121
1 10 899 298
1 880 958 332
2
2
2
2
2
1 816 952 550
1 939 945 368
2
1 767 901 592
1 210 744 7
2
2
2
1 841 888 68
1 45 920 645
1 76 319 944
1 29 964 517
2
2
1 961 972 199
2
1 646 791 88
1 975 984 491
2
1 29 809 157
2
1 429 748 448
1 15 461 169
1 602 806 899
1 386 658 334
1 916 917 849
1 583 742 209
1 357 512 81
2
1 265 300 401
2
1 844 970 178
1 737 887 231
1 403 612 16
2
1 616 814 213
1 566 969 853
1 225 788 916
2
1 260 995 361
2
2
1 607 760 67
1 20 743 915
2
1 442 652 886
1 953 990 915
2
2
1 187 437 970
1 663 668 479
2
2
1 195 808 137
1 277 301 689
2
2
1 26 631 175
2
2
2
1 279 822 869
1 394 807 916
1 706 987 788
2
1 37 666 837
1 946 973 640
2
1 316 346 211
1 873 962 541
2
2
2
1 375 712 574
2
1 350 661 209
2
2
2
2
2
2
1 200 294 855
2
2
1 961 986 471
1 460 670 364
2
2
2
1 584 667 57
2
1 194 200 785
1 522 823 60
1 748 799 469
2
1 879 901 212
1 740 927 731
1 465 502 986
1 332 907 85
2
1 22 385 100
2
2
2
1 700 853 600
1 452 842 355
1 51 585 16
2
2
1 547 933 998
2
2
1 812 850 44
1 992 995 449
1 194 729 759
2
2
1 693 700 599
2
2
2
1 257 649 728
2
2
2
2
2
1 110 618 100
2
1 271 506 210
2
2
1 584 752 297
1 16 554 794
1 434 888 905
1 262 456 620
1 682 908 848
2
2
1 619 705 233
1 330 435 520
2
1 914 930 988
2
1 767 797 285
1 74 819 385
1 871 896 396
1 88 473 433
2
2
2
2
2
2
2
1 191 785 697
1 640 897 572
2
2
2
2
1 3 269 753
1 472 698 876
1 156 909 686
2
2
1 907 908 36
2
2
1 318 378 990
1 73 170 664
1 404 950 210
1 862 943 655
1 513 769 218
2
1 566 835 436
1 469 829 324
1 22 530 723
1 723 832 319
2
2
2
2
2
2
2
2
1 740 743 699
2
1 588 588 127
2
2
1 871 888 233
1 288 504 908
2
1 701 848 718
2
2
1 804 903 594
1 398 536 627
1 704 781 820
2
1 647 735 668
2
2
1 435 749 949
1 662 669 183
1 406 844 543
2
1 29 786 440
1 872 943 956
1 482 681 812
2
1 300 735 497
1 571 804 863
1 99 811 445
1 896 910 697
2
1 841 934 177
1 353 451 742
2
1 717 973 673
1 317 585 870
2
1 580 826 600
1 591 810 557
1 183 888 905
2
2
1 559 977 668
1 26 408 564
2
2
1 688 855 341
2
2
2
1 879 885 454
2
2
2
1 735 840 67
2
2
1 436 716 779
2
2
1 917 959 284
2
1 895 924 289
1 898 898 454
2
2
1 88 176 465
1 338 877 961
2
2
2
2
2
2
1 61 643 136
2
1 912 950 284
1 534 978 915
2
2
2
1 486 959 666
1 303 615 338
1 531 725 931
1 60 450 417
1 836 974 60
1 427 484 777
2
2
1 480 530 623
1 947 969 187
1 606 736 888
2
2
2
2
1 278 769 727
2
2
1 78 185 553
1 133 371 315
1 362 400 310
1 150 733 670
1 822 986 31
1 196 858 745
1 197 280 756
2
1 186 560 427
2
1 175 988 822
1 426 490 877
2
2
2
2
2
1 891 959 22
1 357 548 895
2
1 18 886 237
2
1 442 562 463
1 905 960 186
2
2
2
2
1 618 798 99
1 661 900 716
2
2
2
1 647 959 901
2
1 686 700 357
2
1 168 276 137
2
2
1 869 953 686
1 30 387 66
2
1 393 453 673
1 255 924 232
1 78 556 120
2
2
2
1 10 47 237
2
1 469 516 569
1 881 913 939
1 569 709 469
1 863 940 270
1 659 882 859
1 647 659 219
2
1 280 624 155
1 931 965 840
2
2
1 853 951 761
1 946 946 280
1 281 925 466
2
2
1 739 852 981
1 153 182 394
2
1 252 927 240
1 566 597 345
1 59 79 324
1 959 985 236
1 499 940 732
2
1 863 892 846
2
2
2
1 336 693 482
2
2
2
1 644 789 830
1 697 946 745
1 802 864 457
1 839 916 32
2
2
1 495 873 660
1 103 514 371
1 66 900 9
2
1 421 925 382
1 633 649 37
2
2
2
2
2
1 569 662 945
1 672 760 873
2
2
1 186 617 257
1 270 337 508
1 286 392 689
1 842 873 491
2
2
2
2
2
2
1 461 602 130
2
1 882 939 30
1 197 222 331
2
2
2
2
1 605 756 721
2
1 483 981 848
1 498 859 313
2
1 448 821 333
1 984 990 872
2
1 565 652 139
2
2
2
2
1 107 131 492
2
2
2
2
1 542 940 803
1 256 760 655
1 986 989 816
2
1 408 437 352
1 972 988 559
1 797 900 914
2
2
1 360 552 193
2
1 295 977 979
1 8 270 856
2
1 977 988 255
2
1 548 761 440
1 239 686 56
1 954 976 747
2
2
1 490 622 812
2
2
2
1 985 990 254
2
1 130 223 832
2
1 696 791 876
2
2
1 325 568 665
2
1 297 989 822
1 772 891 488
1 418 867 611
2
2
2
2
2
2
2
1 869 970 119
1 420 970 766
2
2
2
1 691 753 396
2
1 190 568 680
1 610 950 225
2
1 32 116 971
1 777 802 541
1 542 917 328
2
2
2
1 539 612 467
2
2
1 75 416 413
2
1 197 814 684
2
2
2
2
1 366 425 543
2
1 978 984 979
2
2
1 232 314 736
2
2
1 31 585 169
2
1 291 429 74
1 90 508 134
1 818 833 848
2
1 870 972 748
2
1 640 930 162
2
2
2
2
2
2
1 629 670 275
1 622 757 636
1 362 773 564
1 115 131 363
1 759 854 778
1 660 756 112
1 280 910 75
2
2
1 919 920 547
2
2
1 885 955 491
2
2
1 636 757 150
2
2
1 493 539 390
1 889 985 487
1 26 706 630
2
2
1 680 875 929
1 240 320 544
2
2
2
2
2
1 886 957 21
1 363 885 448
2
1 966 992 471
1 48 187 707
1 543 983 273
1 830 957 969
1 810 887 764
2
2
2
1 955 958 633
1 711 794 59
2
1 273 813 942
2
1 829 926 755
2
1 652 742 991
1 92 509 894
2
2
2
2
2
2
1 902 976 866
1 650 935 341
2
2
1 902 989 18
1 320 981 22
1 960 970 207
1 358 711 239
2
2
1 56 222 991
1 603 656 458
1 345 925 13
2
1 11 307 417
2
1 860 913 441
2
2
2
2
2
1 501 557 344
2
2
2
1 262 365 654
2
2
2
1 722 750 958
2
2
1 701 762 732
1 716 888 117
2
1 869 934 189
1 638 775 956
1 206 970 489
2
2
1 922 941 812
2
2
2
2
1 860 974 397
2
1 312 702 932
1 447 944 970
1 630 896 519
1 265 413 225
1 773 808 924
1 453 711 262
2
1 529 869 120
2
1 800 815 378
1 169 578 162
1 437 716 774
2
1 244 361 361
2
1 412 564 477
1 972 979 283
1 315 937 155
2
2
1 45 802 356
1 186 898 287
2
1 485 572 592
2
1 642 743 916
1 927 945 556
2
2
1 760 799 267
1 776 800 445
2
2
2
1 173 825 423
2
2
1 747 844 193
2
2
2
2
2
1 465 484 273
1 349 355 63
2
1 304 440 561
2
2
2
2
1 686 804 860
2
1 506 883 300
1 262 629 554
1 731 900 99
1 763 938 151
1 557 944 794
2
1 663 728 969
2
2
1 182 550 83
2
1 399 497 210
2
2
1 985 987 543
2
1 576 777 477
1 720 846 778
1 676 754 700
2
1 700 726 307
1 889 942 395
1 828 948 64
1 46 87 653
1 25 720 341
1 120 853 271
1 863 905 800
1 119 701 493
2
2
2
1 788 890 686
2
2
1 455 953 841
1 402 541 689
2
1 743 806 850
1 822 987 266
2
2
1 791 849 543
2
2
1 843 877 798
2
2
1 832 966 410
1 450 719 922
1 987 988 910
1 626 959 712
1 412 715 12
2
2
1 234 583 356
1 129 704 711
2
2
2
2
1 189 984 185
1 957 963 909
1 622 822 959
1 37 848 834
2
2
1 590 656 435
1 753 790 964
1 282 836 135
1 395 502 283
1 584 993 57
1 170 319 869
1 59 807 220
2
1 691 945 448
2
2
1 736 754 225
2
1 839 869 547
1 76 818 247
1 387 808 488
2
2
2
1 743 775 967
2
2
1 245 576 799
2
1 47 454 389
1 705 925 752
1 106 889 995
2
2
1 820 827 675
1 762 909 898
1 440 658 691
2
2
2
1 674 793 821
1 596 720 606
1 603 951 434
2
1 605 627 549
1 296 930 747
1 774 972 483
2
2
1 612 817 383
1 877 883 577
1 944 953 881
2
2
2
2
1 215 474 73
2
1 179 841 665
1 202 714 469
2
1 409 633 635
1 165 348 942
2
1 841 972 363
1 501 583 711
1 590 709 801
2
2
1 541 605 340
1 72 778 841
2
1 612 883 897
1 604 926 879
1 507 647 839
2
2
1 328 454 339
1 470 589 675
1 377 995 747
2
1 305 810 18
1 767 810 734
2
2
1 274 647 370
2
1 949 978 30
1 79 398 621
2
2
2
2
1 82 139 749
2
1 505 892 760
1 572 882 122
1 718 969 731
1 878 922 558
1 84 259 834
2
2
1 280 488 722
1 887 983 115
2
2
1 721 738 491
2
2
2
2
1 536 727 210
2
1 686 881 420
1 232 594 729
2
1 337 590 984
1 188 465 305
1 471 619 284
2
2
2
1 508 672 947
1 324 428 581
1 126 678 397
1 121 619 991
1 484 822 502
1 759 951 492
2
2
2
1 433 969 46
2
2
2
2
2
1 72 85 576
2
1 447 850 781
1 312 743 510
2
2
2
2
1 402 976 929
1 85 919 974
1 866 937 396
2
2
2
1 70 230 582
2
2
1 194 439 598
1 329 341 878
1 699 759 626
2
1 136 172 112
2
2
2
1 8 465 99
1 817 981 194
1 131 715 704
1 672 720 729
2
1 290 577 667
2
1 731 832 761
2
1 504 521 137
1 370 483 762
1 937 973 70
2
2
1 66 524 821
1 248 824 382
1 322 967 684
1 927 955 216
1 420 510 398
1 237 287 879
1 648 738 516
2
1 664 872 574
2
2
1 182 856 173
1 898 919 768
1 527 925 185
1 256 748 118
1 744 890 127
1 39 439 904
1 73 463 460
2
2
2
2
2
2
2
2
1 536 677 452
2
2
1 45 569 730
1 823 825 524
2
2
2
2
2
1 651 731 380
2
2
2
2
1 564 906 746
1 538 696 924
1 303 303 198
1 160 479 303
2
2
2
2
2
2
1 715 859 454
2
2
1 496 813 618
1 533 566 762
1 462 558 683
1 976 992 31
2
2
1 290 714 256
2
2
1 902 943 627
2
2
2
2
1 480 860 356
2
2
2
1 573 722 521
1 215 582 49
2
2
2
1 507 718 104
1 19 315 316
1 520 819 60
2
1 925 942 183
2
2
1 282 474 296
1 227 673 243
1 315 510 296
2
2
2
1 56 758 706
1 371 818 216
2
2
2
1 566 736 741
2
1 321 615 305
2
1 102 948 498
1 121 400 566
1 768 882 775
2
1 182 203 234
2
1 823 943 535
1 782 930 87
2
1 597 635 730
2
2
1 344 459 623
2
2
1 282 626 357
2
1 497 811 715
2
1 355 556 558
1 692 932 0
2
2
2
1 438 586 264
1 247 350 630
2
2
1 877 945 170
1 886 908 480
1 772 783 399
1 604 739 193
2
1 78 653 138
1 864 975 512
2
1 670 686 563
2
2
2
2
2
1 869 944 937
2
1 170 756 73
2
2
2
2
2
2
1 142 869 918
1 61 906 969
2
1 471 491 281
2
1 396 836 509
1 573 773 644
2
2
1 674 911 671
2
2
2
1 101 705 786
1 839 889 583
1 969 981 719
1 849 883 427
2
2
1 291 709 323
2
1 908 908 497
1 389 704 357
1 496 694 845
2
2
2
1 591 692 85
2
1 250 276 603
1 728 886 478
1 607 958 505
2
2
2
1 587 932 239
2
2
2
2
2
1 865 957 921
2
1 93 664 511
2
1 770 935 561
2
2
2
2
1 250 263 418
1 157 642 777
2
1 273 618 877
1 745 991 981
2
2
2
2
2
2
1 374 451 79
2
2
1 427 615 298
1 304 331 80
1 397 681 74
1 619 739 172
1 540 839 700
2
2
1 318 766 140
2
2
1 32 762 23
2
2
2
1 309 675 197
1 385 924 429
2
1 828 867 832
1 126 660 738
2
2
2
1 763 914 920
2
2
1 825 889 915
2
2
1 56 864 144
2
1 846 887 788
1 732 882 476
2
1 682 687 424
1 635 815 293
1 342 704 81
1 45 89 297
2
1 429 745 539
2
2
1 879 902 266
1 739 980 615
1 174 439 295
2
1 820 857 939
1 794 889 654
1 612 845 646
2
1 543 972 856
2
1 423 637 594
1 620 833 167
2
2
1 538 608 139
1 995 995 47
1 645 883 151
1 798 995 396
2
1 831 933 815
2
1 754 790 88
1 370 414 32
2
2
2
2
2
2
2
1 561 795 858
1 185 949 833
2
1 314 768 852
2
2
1 380 679 931
2
2
2
2
2
1 736 877 911
1 466 560 110
2
1 68 536 408
1 655 695 134
1 536 692 101
1 794 937 664
2
2
2
2
1 703 812 986
1 276 748 197
1 116 706 378
1 85 861 840
2
2
1 482 729 881
2
1 652 979 435
1 802 810 149
1 444 818 548
2
1 634 903 31
1 178 307 579
1 22 250 26
1 264 278 604
2
2
2
2
2
1 720 828 557
2
2
1 221 462 78
1 569 582 178
2
2
2
2
1 65 550 543
2
1 30 300 554
2
2
1 604 860 602
1 301 932 391
1 156 841 738
1 586 599 655
1 909 933 330
1 548 712 946
2
2
1 599 760 118
2
2
2
1 933 938 564
2
2
2
1 979 983 277
2
1 43 583 161
2
2
1 649 921 942
2
1 958 964 855
2
2
2
2
2
2
2
2
2
2
1 475 579 818
1 112 948 539
2
2
1 384 765 302
2
1 631 857 163
2
1 572 619 501
2
2
1 483 828 441
2
2
1 537 621 864
1 342 498 604
1 880 894 544
1 108 176 540
1 639 817 651
1 615 729 638
1 568 586 722
1 925 943 608
2
1 980 992 496
2
2
2
2
1 466 528 818
2
2
1 496 749 869
1 639 807 81
1 741 995 129
1 599 754 609
1 254 878 623
2
2
2
2
2
2
2
1 371 978 384
1 177 345 822
1 895 916 673
2
1 21 830 135
1 236 253 97
1 452 523 341
1 68 703 641
2
1 430 730 990
2
2
2
1 399 466 309
2
1 709 780 694
1 279 483 282
2
1 192 486 546
1 62 489 44
2
2
2
1 700 834 328
2
1 513 538 907
2
1 2 480 594
2
2
1 111 546 855
1 952 962 426
1 903 949 402
1 666 955 817
2
1 473 585 73
1 465 630 651
2
1 121 249 318
1 326 562 752
2
2
2
2
2
1 717 945 293
2
2
2
1 820 986 849
2
1 813 878 453
2
1 282 814 560
2
2
1 612 922 270
2
2
2
2
2
1 792 873 537
1 589 957 94
1 742 760 632
1 537 609 367
1 19 969 763
2
2
1 250 295 231
1 373 966 50
2
2
1 510 820 497
2
1 945 990 693
1 162 764 346
1 123 827 988
1 939 952 55
1 845 876 483
1 930 937 405
2
2
1 74 588 680
1 94 191 376
1 376 629 604
2
2
2
1 935 945 450
2
2
2
1 309 790 589
1 169 531 30
2
2
2
2
2
1 315 438 945
1 957 967 432
2
2
1 546 821 180
1 443 454 281
1 904 964 986
1 251 286 255
2
2
1 139 579 139
2
2
2
1 127 339 484
1 50 850 578
1 691 804 923
2
2
1 564 590 907
2
1 643 812 856
2
1 591 778 908
1 767 988 251
2
2
1 414 588 151
2
2
2
2
1 275 420 984
2
1 285 546 763
1 562 637 722
1 968 976 849
1 312 343 247
2
2
2
1 494 795 130
2
1 687 916 57
2
2
2
2
2
1 60 284 617
1 470 667 941
1 35 360 423
1 10 562 971
1 410 677 856
1 216 647 538
2
1 232 495 956
2
2
1 90 793 989
1 12 16 946
1 685 775 408
1 769 963 304
1 819 833 721
1 449 847 248
1 505 544 133
2
2
1 730 852 803
1 273 664 82
1 594 607 45
2
1 646 871 535
2
2
1 704 770 777
1 560 950 864
1 125 646 89
1 523 681 647
2
1 380 712 300
1 113 936 805
1 252 682 443
2
1 391 491 620
1 424 894 425
1 578 852 630
1 197 748 198
1 91 939 294
1 693 705 467
1 722 769 105
2
2
2
2
1 414 956 603
2
1 627 639 945
2
2
1 186 659 657
2
2
2
1 233 433 199
1 993 994 899
2
1 670 941 217
1 910 980 600
1 645 912 891
2
1 152 157 737
1 614 836 911
1 303 897 651
2
1 637 984 390
1 360 442 778
1 366 852 522
1 844 969 440
1 448 970 610
1 384 855 203
1 511 760 228
1 602 897 347
2
1 895 931 428
1 379 575 508
1 293 299 723
2
2
2
1 534 611 331
2
2
1 72 881 884
1 366 962 287
2
1 890 931 862
1 600 805 493
1 580 703 241
2
2
2
1 186 559 964
2
2
1 227 833 783
1 157 959 874
2
1 472 742 593
2
2
1 676 908 128
2
1 589 600 419
2
2
1 837 839 544
2
1 670 917 948
2
2
2
2
1 13 271 940
2
1 157 418 345
1 925 954 849
2
2
1 468 724 839
1 497 588 434
2
2
2
1 627 965 90
1 37 311 907
1 241 466 241
2
2
1 371 939 322
1 910 912 212
1 527 710 156
1 340 623 562
1 930 969 173
1 244 787 472
2
1 302 488 475
1 593 945 863
2
1 603 758 109
2
2
2
1 880 912 702
2
1 722 882 745
2
1 220 476 448
2
2
1 963 981 732
1 46 657 619
1 211 692 883
1 668 774 456
1 60 174 527
2
1 618 724 93
2
1 529 726 697
2
1 552 976 742
2
1 175 644 697
1 505 620 190
1 590 616 65
1 914 917 787
1 710 788 810
1 50 807 425
1 435 906 377
1 534 875 999
1 228 279 704
2
2
2
1 764 934 303
2
1 301 729 428
2
1 211 335 452
2
1 269 383 815
1 342 965 119
1 933 992 839
2
1 612 882 977
2
1 757 976 534
1 135 439 937
1 968 980 429
2
1 853 988 355
1 8 163 161
1 129 923 617
2
2
1 63 951 840
2
1 302 356 442
1 685 816 346
1 660 835 859
2
2
2
1 406 755 978
1 916 989 153
2
2
1 437 836 349
2
1 832 894 277
2
1 474 665 295
2
2
2
1 125 641 892
1 349 695 181
1 407 777 753
1 245 554 668
1 201 412 315
1 462 620 554
2
1 286 331 929
2
1 800 971 638
2
1 824 886 624
1 546 838 36
2
2
2
2
2
2
2
1 39 730 143
1 553 801 312
2
2
1 78 656 126
1 547 971 745
1 406 918 99
1 372 770 462
1 707 959 802
1 428 874 210
1 921 987 538
1 768 781 116
1 299 752 491
2
2
2
1 147 522 57
1 316 609 3
1 334 830 991
2
1 666 939 58
1 292 964 102
1 482 493 717
2
2
2
1 307 463 1
1 751 931 322
2
2
2
1 262 385 816
1 153 574 602
2
1 394 914 390
2
1 434 840 324
2
2
1 621 910 995
1 543 708 954
2
1 419 602 850
1 654 856 647
1 179 521 636
2
2
2
1 617 803 495
2
2
2
1 844 927 375
2
1 406 876 816
2
2
2
1 146 533 320
1 7 631 902
1 994 994 940
2
1 159 582 237
1 621 778 537
1 535 543 510
2
1 745 765 130
1 635 718 761
2
1 378 430 452
2
1 309 405 68
2
2
1 61 983 940
1 452 685 663
1 118 510 978
2
2
1 977 977 375
1 972 980 456
2
2
1 659 939 726
2
2
1 965 981 760
1 182 663 185
2
2
1 965 988 295
1 321 378 9
2
1 278 477 864
1 978 994 170
2
2
2
2
2
2
2
1 983 984 623
1 414 853 856
2
1 921 958 4
2
1 274 818 64
1 302 680 211
1 576 817 996
2
1 551 827 716
1 43 613 838
2
1 661 839 156
1 282 427 808
2
1 653 801 736
1 914 962 54
1 748 826 571
1 563 970 339
2
1 705 780 843
2
1 942 968 245
1 291 645 22
1 631 885 208
1 112 355 478
1 898 939 892
2
2
1 859 946 534
2
1 636 809 687
2
2
2
2
1 487 698 918
2
2
1 516 895 787
2
1 917 924 411
1 435 959 495
1 167 549 749
2
1 753 770 749
1 52 468 449
1 964 969 271
1 984 985 402
1 822 837 13
2
2
2
2
1 362 794 668
1 137 399 908
2
1 140 176 668
2
1 890 980 263
2
1 246 389 544
1 449 512 547
2
2
1 978 986 106
2
1 707 925 572
1 161 721 983
2
1 900 952 447
2
2
1 442 670 854
2
2
1 400 636 205
1 983 987 252
2
2
1 846 925 821
2
1 549 611 74
2
2
2
1 377 819 934
1 118 610 235
1 198 355 994
2
1 753 838 761
2
1 633 731 890
1 577 901 63
1 850 875 631
2
1 720 743 734
1 871 911 500
1 351 633 282
2
1 441 857 699
1 15 794 915
2
2
2
2
1 778 795 930
2
1 403 608 644
1 347 467 498
1 828 913 432
2
2
2
2
2
2
1 872 953 208
2
2
2
1 514 695 351
2
2
2
1 283 482 893
1 311 763 659
2
2
2
1 782 972 962
1 163 931 391
2
1 348 817 433
1 128 664 981
1 863 960 536
2
1 705 793 697
2
1 982 982 990
2
2
1 4 339 794
2
2
2
1 416 588 582
1 886 928 640
1 758 789 111
2
2
2
1 832 967 60
1 950 994 843
2
1 420 631 90
2
2
2
2
1 33 59 64
2
1 991 993 922
2
2
2
1 429 500 526
2
2
2
2
1 203 376 985
1 478 869 59
2
2
1 1 33 328
1 277 961 454
1 273 431 565
1 979 991 605
1 603 795 920
2
2
2
2
1 503 793 330
2
1 620 947 807
1 280 635 896
2
2
1 766 854 263
2
2
1 238 298 324
2
1 302 659 865
2
1 829 911 992
2
2
2
1 410 857 5
2
2
1 57 668 782
2
1 802 865 689
1 654 855 588
1 177 717 754
1 362 878 282
2
2
1 743 816 911
2
2
2
2
1 417 808 932
2
2
2
2
2
1 145 697 333
2
1 902 952 879
1 431 921 897
2
1 588 678 335
2
1 512 619 584
2
2
1 875 912 632
2
1 228 463 912
1 748 910 23
1 825 827 720
2
2
1 549 895 344
2
2
2
2
1 421 986 258
1 921 929 775
1 327 588 728
2
1 25 269 47
2
1 78 278 443
2
1 506 853 575
1 920 931 829
1 232 815 586
2
2
1 542 850 374
2
2
2
1 685 725 208
2
2
1 390 468 194
1 146 266 137
1 955 971 693
1 969 991 666
2
1 733 931 600
1 937 961 383
2
2
2
1 148 418 213
1 969 991 5
1 294 641 769
2
1 42 528 42
2
1 565 623 157
1 682 959 409
2
1 10 540 853
2
2
2
2
2
2
2
2
1 187 672 528
1 380 647 942
2
1 93 449 725
2
2
2
1 568 594 191
1 521 669 983
2
1 598 834 618
2
1 552 605 569
2
2
2
2
2
2
1 821 899 848
2
1 643 839 312
1 235 597 239
2
2
2
1 241 776 641
2
2
1 869 928 972
2
2
1 13 36 62
1 959 991 692
2
1 820 876 430
1 222 248 208
1 3 338 506
2
1 262 372 803
2
2
2
1 100 339 292
1 319 491 894
2
1 819 874 962
2
1 361 470 399
2
1 664 676 913
1 538 693 856
2
1 861 985 551
2
1 644 962 737
2
1 800 989 68
1 379 565 319
2
2
2
1 634 882 194
1 992 994 481
1 399 738 598
2
1 481 575 118
2
1 218 549 913
1 852 867 660
2
1 144 372 24
2
2
1 727 991 134
2
2
2
2
1 912 912 581
1 227 696 353
2
2
2
1 108 967 713
2
1 635 710 983
1 278 364 708
2
2
2
2
2
2
1 473 979 288
1 634 846 12
1 802 911 252
2
2
2
2
1 400 580 964
2
1 276 650 859
1 115 790 54
2
2
1 790 823 704
1 895 995 153
2
1 637 773 315
1 944 993 446
1 390 868 848
1 965 989 197
1 829 946 867
1 549 578 319
2
2
2
2
2
2
1 320 518 421
1 824 977 216
1 937 940 246
2
1 867 990 538
1 902 955 883
1 508 618 440
2
2
1 788 824 499
2
2
1 608 739 745
2
2
1 870 902 198
2
1 683 721 652
1 544 887 600
2
1 385 576 351
2
2
2
1 562 908 206
1 30 213 809
1 965 976 69
2
2
2
1 844 979 591
1 233 265 847
2
1 864 888 741
2
1 30 266 241
2
1 496 764 674
1 530 888 238
1 354 354 56
1 503 933 353
2
1 712 914 617
1 164 608 62
2
2
1 789 846 615
1 542 739 827
2
2
2
1 279 825 586
2
2
1 922 989 241
1 298 533 143
1 814 970 259
2
1 206 890 50
2
1 461 934 748
2
2
2
1 894 935 819
2
1 114 931 709
2
1 576 625 804
2
2
1 697 982 134
2
2
2
1 459 501 847
2
1 117 696 167
1 175 422 970
1 502 951 599
1 700 780 728
2
2
2
1 16 526 766
2
1 918 985 872
2
1 478 511 560
1 36 673 507
1 638 655 427
2
2
2
1 349 634 49
1 660 912 762
2
1 676 778 853
1 798 955 622
2
2
1 724 977 84
1 237 487 709
2
2
2
1 597 914 336
2
2
2
2
2
2
1 145 656 164
1 346 974 819
2
2
2
2
1 882 966 723
1 882 909 199
2
1 167 578 905
2
1 246 484 858
2
1 207 599 149
2
2
1 83 642 276
2
2
1 902 922 571
1 714 911 947
2
1 351 522 826
2
1 767 950 792
2
1 444 473 593
2
2
1 576 906 146
2
1 82 185 805
2
1 536 594 503
2
1 988 993 761
2
2
2
1 900 938 596
2
2
2
2
1 461 960 631
2
1 331 684 899
2
1 633 742 107
1 831 890 796
2
1 63 198 873
1 634 734 966
1 645 780 346
2
1 408 669 81
1 367 458 246
1 858 923 934
2
1 653 669 960
2
2
2
1 371 712 261
2
2
2
1 901 964 521
2
2
1 696 716 376
2
1 924 974 124
1 964 993 743
1 834 979 315
1 138 320 119
2
1 922 995 547
1 538 722 707
1 963 995 255
1 280 937 280
1 680 951 144
2
2
2
1 705 918 739
1 961 974 223
1 838 945 269
2
2
2
1 182 742 509
2
2
2
1 423 702 804
2
1 494 969 696
2
2
1 616 722 725
1 766 878 19
1 244 789 63
1 222 395 311
2
2
1 908 922 535
2
2
1 645 872 168
1 814 837 222
1 377 934 24
1 33 789 728
1 478 785 632
1 192 267 785
2
1 305 350 983
2
2
2
1 722 779 121
1 621 764 697
1 773 949 92
1 403 945 622
1 530 627 659
1 977 993 382
2
1 974 982 956
2
2
1 211 724 371
2
2
2
2
2
2
2
1 558 695 119
1 223 656 358
1 632 972 131
1 521 894 818
1 484 898 915
2
1 306 419 189
2
1 24 682 386
2
1 34 304 368
2
2
1 735 959 37
2
2
1 579 939 123
1 924 966 573
1 299 841 384
1 805 972 741
2
1 628 677 517
1 560 968 320
2
1 143 252 459
2
2
1 280 734 60
1 167 180 352
2
2
1 534 633 667
2
1 712 719 335
2
1 14 598 856
1 666 710 748
2
1 39 646 702
2
2
1 971 992 762
1 820 905 451
1 601 982 228
2
1 41 780 730
1 868 887 241
1 124 794 824
2
1 199 543 284
2
1 911 951 910
1 851 863 171
2
2
2
2
2
2
2
1 44 461 49
1 553 984 212
1 95 824 474
2
1 331 794 959
1 389 843 125
2
2
1 150 574 491
1 473 794 782
2
2
2
2
1 195 259 957
1 469 651 384
2
2
1 857 866 92
2
2
1 598 834 433
2
2
1 137 378 56
1 523 630 507
1 721 823 969
1 922 962 323
1 120 494 416
2
2
1 696 887 718
2
2
2
1 930 955 268
2
2
1 79 623 148
2
1 648 902 305
1 639 659 439
2
2
2
1 61 809 107
2
2
2
1 911 914 777
2
1 245 569 747
1 841 888 571
1 565 860 7
2
1 848 941 721
2
2
2
1 57 438 636
1 131 931 18
2
2
2
2
2
1 989 995 960
1 624 682 486
1 853 862 978
2
2
2
1 453 466 206
2
2
2
2
1 611 913 259
2
2
2
2
2
1 630 724 143
2
2
2
1 617 995 394
2
1 263 938 739
2
1 447 892 521
2
1 842 939 770
2
1 493 555 799
1 579 909 225
1 737 908 339
1 865 922 771
1 972 976 117
2
2
1 926 955 251
1 783 840 607
2
1 244 460 352
1 339 869 720
1 909 926 618
1 694 962 138
2
1 618 940 194
2
1 818 905 582
1 117 777 860
1 821 936 704
2
1 416 475 814
2
1 210 338 706
2
2
1 246 938 772
2
2
1 848 882 311
2
1 592 870 419
2
1 433 529 332
2
1 155 840 423
1 859 960 332
1 442 561 617
2
1 689 756 807
1 522 583 79
2
2
1 787 870 512
2
2
2
2
1 781 787 785
1 966 969 651
2
1 483 629 575
1 359 428 891
1 251 552 256
2
1 549 802 552
2
2
1 727 857 223
2
2
1 871 975 144
1 511 886 171
2
2
2
2
2
2
1 424 773 484
2
2
1 266 282 190
1 789 895 754
2
1 298 632 86
1 455 856 6
1 784 882 855
2
2
2
1 338 989 280
1 470 645 499
1 665 808 415
2
1 48 251 525
1 484 808 584
2
2
1 858 956 582
1 751 966 499
2
1 209 822 9
2
1 806 807 32
2
2
1 226 618 401
2
1 605 863 548
1 487 764 402
2
1 882 917 432
1 513 864 469
1 725 938 101
1 927 974 1
2
1 456 465 301
1 306 557 463
1 270 872 497
1 273 957 143
1 76 975 947
1 162 642 306
1 137 306 455
1 131 482 711
1 675 704 357
2
2
2
1 900 919 62
1 207 638 916
2
2
1 573 968 357
2
1 716 789 72
2
2
1 717 821 126
2
1 31 135 401
2
2
1 848 881 58
2
1 85 256 919
2
2
2
1 923 952 289
2
2
1 279 333 294
1 193 809 180
1 159 917 42
1 979 982 340
2
2
2
2
1 258 871 686
1 823 976 959
2
2
1 7 138 64
2
2
2
2
1 698 888 168
1 537 837 146
2
1 525 877 47
1 358 801 64
2
1 418 683 291
1 884 915 525
2
1 926 967 338
1 17 340 31
1 320 787 104
2
2
1 969 988 403
1 593 928 634
2
1 611 932 718
2
2
2
1 648 720 955
2
2
1 307 632 636
1 255 796 381
1 504 512 824
2
2
2
2
1 787 879 350
2
1 827 925 501
2
2
1 376 392 747
2
2
2
1 400 869 233
2
1 610 767 193
1 655 979 76
1 633 865 745
1 668 804 567
1 637 680 376
1 406 541 664
1 101 492 310
1 905 962 454
1 380 829 174
2
2
2
2
2
1 124 228 190
2
2
2
2
1 78 120 564
1 660 722 52
2
2
1 730 858 394
2
2
1 78 323 644
2
2
1 34 828 309
1 35 775 179
2
1 944 974 355
2
1 326 664 80
1 844 950 476
1 708 872 64
2
1 489 685 204
1 843 991 882
1 856 963 423
1 807 814 806
2
1 523 793 349
2
2
2
1 246 787 501
2
1 354 592 519
2
2
1 849 895 671
2
1 362 700 257
2
2
2
2
2
2
2
2
1 568 933 272
1 214 359 676
2
1 638 827 316
2
2
2
2
2
2
2
1 175 684 952
2
2
2
1 688 887 661
1 285 405 302
2
2
1 527 638 802
1 683 882 421
2
1 129 297 855
1 155 511 43
1 21 545 263
2
1 175 807 503
1 330 349 273
2
2
2
1 393 429 265
1 618 982 948
2
2
2
2
1 18 143 533
2
2
1 195 585 948
1 341 441 851
2
2
1 125 871 900
2
1 855 947 933
1 324 760 417
2
1 829 867 473
1 608 666 102
2
2
1 640 981 914
2
1 61 800 119
2
2
1 49 878 403
2
2
1 76 851 967
1 688 761 500
1 37 851 50
2
1 281 688 11
1 530 658 565
1 166 744 935
2
1 863 953 988
2
1 761 808 503
2
1 151 211 901
2
2
2
2
1 550 961 457
1 905 988 43
2
2
1 488 695 213
2
1 285 658 955
2
2
2
2
1 709 858 294
2
1 185 679 549
1 308 694 336
2
1 35 358 777
1 741 874 94
1 424 766 571
1 543 748 401
1 783 943 285
2
1 602 809 317
2
2
2
2
2
1 623 699 410
1 144 894 788
1 883 970 931
1 814 865 104
1 187 471 331
1 284 388 918
2
2
1 262 276 137
1 90 517 385
2
2
1 508 953 908
1 579 844 457
1 915 935 915
2
1 840 898 146
2
2
1 191 543 188
2
2
1 296 353 843
2
2
1 553 849 102
2
2
2
1 717 887 450
2
1 514 572 435
2
2
2
2
1 894 905 692
2
1 639 860 811
1 643 977 180
2
2
2
2
2
1 130 594 715
1 527 545 723
1 205 685 34
1 142 539 468
2
1 420 570 871
1 940 958 283
1 808 899 60
1 940 953 37
2
1 150 882 56
2
1 285 639 220
2
2
1 580 836 529
2
1 146 750 794
2
2
2
2
2
1 992 994 603
2
2
1 78 669 244
1 293 749 707
2
2
1 665 937 405
2
1 557 906 549
1 562 937 759
2
2
1 928 968 267
1 115 227 890
1 672 796 9
1 374 688 313
2
1 629 942 40
1 801 806 411
2
2
1 37 658 197
1 547 826 900
1 760 853 656
1 883 936 965
1 706 994 987
1 44 227 218
1 751 896 364
1 314 769 435
1 414 692 374
2
2
2
2
2
2
1 454 826 60
1 746 835 8
2
1 70 892 620
2
1 852 964 92
2
2
2
1 511 983 21
2
1 647 962 574
1 36 231 50
1 569 934 366
1 880 904 657
2
1 227 615 261
2
2
1 253 782 384
1 372 962 187
1 376 582 159
2
2
2
1 322 628 640
1 938 958 358
1 167 840 256
2
2
2
1 582 932 972
2
2
2
1 94 777 647
2
1 880 897 688
1 664 917 565
1 396 949 893
1 420 440 994
1 229 882 531
2
2
2
1 353 923 212
2
1 910 963 609
1 533 901 907
2
2
1 251 263 921
1 774 981 824
2
2
1 903 904 436
2
2
1 324 776 782
1 483 735 812
2
2
2
2
2
2
1 173 560 738
1 827 828 618
2
2
2
2
2
1 884 906 365
2
1 148 848 141
1 83 588 880
1 762 972 639
1 674 832 509
2
1 926 941 644
1 415 525 599
2
2
1 12 693 47
2
1 627 815 851
1 111 711 1
1 639 951 36
1 214 509 116
2
1 676 989 242
1 296 577 482
1 564 954 314
1 929 930 160
1 767 972 290
1 878 904 178
2
1 227 641 155
2
1 291 591 849
1 641 972 620
1 7 326 605
1 255 866 584
2
2
2
2
2
1 953 983 972
2
1 661 700 26
2
1 904 969 644
1 803 904 376
2
1 113 974 545
1 492 692 240
2
2
2
2
1 806 874 203
1 608 840 798
2
1 343 492 739
1 109 718 904
1 502 561 733
2
2
2
2
1 324 793 356
1 334 600 987
2
1 924 937 555
2
1 688 778 704
1 23 717 665
2
2
1 802 827 484
1 924 927 727
2
2
1 625 682 391
1 511 766 466
1 614 919 387
1 615 662 92
2
2
2
1 824 826 945
1 744 919 39
1 667 916 134
1 170 214 780
1 294 756 837
2
2
1 199 623 63
1 320 809 784
1 389 841 487
2
2
1 605 725 490
1 8 306 860
2
1 970 991 513
1 732 933 529
2
2
2
1 949 954 878
1 625 943 542
2
1 288 379 809
1 992 995 364
2
1 170 823 409
1 672 783 278
2
1 755 775 787
2
2
2
1 264 966 106
1 548 648 890
2
2
1 559 568 517
1 400 496 903
2
2
1 827 886 9
1 898 978 726
1 353 814 197
1 2 680 333
1 442 864 163
1 613 934 267
2
2
1 591 721 948
1 809 928 740
1 428 936 214
2
2
1 523 760 244
2
1 179 220 248
2
2
1 601 619 304
2
1 218 708 982
1 369 593 550
1 465 778 567
2
2
1 400 902 365
2
1 569 765 101
2
2
1 517 543 913
2
1 126 567 998
1 136 460 405
1 463 918 727
1 783 812 709
1 394 895 986
1 950 962 296
2
2
2
1 328 915 639
1 574 882 647
2
2
2
1 263 561 338
1 389 394 29
1 839 880 871
2
1 972 989 799
2
1 995 995 644
1 921 948 680
2
1 325 436 785
1 194 273 818
1 459 766 85
1 267 876 53
1 319 385 109
1 40 478 114
2
1 847 868 64
2
1 390 661 669
2
2
1 161 737 165
1 392 830 474
2
2
1 110 155 504
1 221 916 90
1 648 692 46
1 220 464 394
2
1 600 607 651
1 411 990 34
1 359 376 622
2
2
1 860 887 314
1 383 520 715
1 844 944 4
2
2
2
1 263 701 500
1 557 916 718
1 387 421 798
1 483 545 612
1 882 919 978
2
2
2
2
1 841 964 524
1 503 888 884
2
1 779 779 279
1 635 716 623
1 55 553 3
2
2
1 197 723 120
1 554 642 11
2
1 202 297 314
2
2
1 307 310 85
1 829 911 212
2
1 434 582 160
1 212 983 524
2
2
2
2
1 947 971 366
1 704 736 757
1 892 933 122
2
1 515 603 769
2
1 38 476 132
2
1 723 881 238
2
2
1 973 992 739
1 114 334 431
1 162 907 316
2
2
1 809 928 313
1 15 895 613
2
2
2
2
1 257 555 347
2
1 316 769 396
1 727 991 851
2
2
2
2
1 738 866 55
1 341 625 858
1 180 321 161
1 149 186 28
1 645 673 600
2
2
1 965 989 72
1 232 624 955
2
2
1 742 918 944
2
2
2
2
2
1 983 995 607
2
1 528 610 732
2
2
1 832 947 841
2
1 540 826 613
2
2
2
2
1 377 941 559
2
1 907 908 264
1 423 806 796
1 950 969 817
1 453 586 441
2
2
1 862 907 627
1 658 783 249
2
1 739 923 204
2
1 428 886 174
2
2
2
1 732 968 348
1 576 710 522
1 552 880 685
1 970 982 990
1 38 435 623
1 320 676 243
1 857 994 394
1 743 831 410
2
2
2
1 886 966 612
1 125 504 22
2
2
1 470 503 661
1 832 881 241
2
2
2
1 420 790 882
2
2
2
2
1 430 758 883
2
2
1 155 812 547
2
2
2
2
1 943 957 230
2
2
2
2
2
1 695 754 953
1 321 721 335
2
2
2
1 528 734 437
1 360 363 696
2
1 100 506 733
1 167 892 990
1 278 369 81
2
1 34 179 543
2
2
1 232 839 704
2
1 951 960 621
1 104 976 985
2
2
1 991 993 584
1 244 570 662
2
2
1 264 840 345
1 86 376 728
2
1 836 977 272
1 968 984 754
2
1 876 975 661
2
2
1 106 273 639
2
2
2
1 200 740 885
1 187 271 136
1 870 888 439
2
2
2
1 955 963 673
2
1 631 972 559
1 342 863 398
2
2
2
2
2
2
1 907 918 314
1 78 475 862
2
1 809 829 56
2
2
1 709 994 939
1 842 869 868
1 251 619 128
2
1 359 882 477
1 487 527 180
1 956 985 482
2
2
2
1 604 709 165
2
1 197 666 627
1 169 453 606
2
1 174 472 945
2
2
1 291 458 291
1 750 801 980
2
1 37 111 142
1 176 925 756
1 51 640 87
1 560 628 699
1 14 549 764
1 572 669 518
1 740 857 493
1 456 856 119
1 150 210 718
2
2
1 642 651 877
2
2
1 851 885 289
1 300 642 280
1 140 542 266
2
1 164 433 426
1 455 864 600
2
1 690 990 424
2
1 260 915 381
1 501 812 9
2
2
1 671 956 735
2
1 275 813 711
1 158 457 342
2
1 755 781 732
1 414 968 226
1 661 674 626
2
1 535 566 308
2
1 983 989 280
1 365 793 529
2
1 4 904 199
2
2
2
2
2
1 942 947 220
1 964 971 148
2
2
2
1 393 576 206
1 578 656 22
2
1 603 729 166
1 445 944 257
1 390 436 210
1 233 320 625
2
2
2
2
1 941 991 392
1 881 986 825
1 727 945 876
1 479 512 585
2
1 609 910 817
2
1 912 935 34
1 146 556 901
2
2
1 466 511 434
2
1 669 944 454
2
2
1 907 969 585
2
2
2
1 858 894 728
2
1 56 985 451
2
2
1 533 748 518
1 890 932 658
2
2
1 663 927 952
1 320 556 802
2
2
2
2
1 360 412 202
2
1 90 540 243
2
2
2
1 568 854 860
2
2
1 809 971 407
2
1 788 945 180
2
2
1 625 692 99
1 979 986 1
1 117 315 101
2
2
2
2
1 684 969 833
2
2
1 66 672 152
1 905 934 539
2
2
2
2
1 181 642 612
2
1 727 974 447
1 520 798 410
2
1 140 870 888
2
1 424 849 205
1 482 485 439
1 538 912 147
1 397 537 241
2
1 238 976 77
1 131 289 110
1 773 903 297
1 147 300 712
2
1 561 884 69
1 60 536 120
1 460 482 838
1 417 924 639
1 193 786 877
2
1 392 419 963
1 721 920 679
2
2
1 941 956 879
2
1 647 728 166
1 35 115 299
1 212 687 494
1 434 560 562
1 806 841 45
2
2
1 965 982 958
2
1 822 971 736
1 377 754 277
2
2
2
2
1 99 779 546
1 313 772 80
2
2
2
2
2
2
1 912 934 419
2
2
2
1 731 852 276
1 923 944 937
2
1 147 212 934
2
1 788 869 920
2
2
2
2
1 149 651 300
2
2
1 216 528 331
2
1 838 844 550
1 977 982 944
1 248 315 42
1 885 991 235
2
2
2
1 65 315 186
1 785 832 59
1 873 904 621
2
1 171 232 828
2
2
2
1 789 955 314
1 216 614 862
1 517 973 965
2
1 975 980 40
1 347 659 618
1 863 934 864
1 436 976 313
2
1 805 897 768
1 846 977 782
2
2
1 224 879 682
2
2
2
2
2
1 127 960 772
1 411 482 54
1 269 647 149
1 952 978 268
1 24 723 813
1 994 994 581
2
2
1 258 983 358
1 201 922 132
1 486 854 853
1 31 252 848
1 293 495 812
2
2
2
1 775 883 117
2
2
2
1 132 789 640
2
2
1 439 860 140
2
2
2
2
1 39 696 287
1 640 971 190
2
1 931 987 410
2
2
2
1 73 640 796
2
1 572 984 626
2
2
2
2
2
1 452 977 527
1 95 603 967
2
2
1 363 578 323
1 680 752 236
1 123 142 291
1 812 851 656
1 316 985 128
2
1 1 278 26
2
1 519 808 49
1 560 740 756
1 639 682 849
2
1 601 667 70
1 476 595 386
1 619 892 223
2
1 597 817 496
2
2
2
1 142 800 756
1 382 858 222
2
2
1 778 970 28
2
2
1 601 740 419
1 394 614 428
2
2
1 5 950 102
2
2
1 413 966 191
2
1 960 963 571
1 542 877 235
2
2
2
1 899 938 602
2
1 639 734 34
2
1 47 523 492
1 881 963 741
2
2
1 3 863 0
2
2
2
1 264 460 457
1 338 395 333
2
1 146 775 447
2
2
1 395 561 516
1 791 944 634
2
1 499 804 848
2
1 774 776 577
1 452 704 543
1 587 604 939
2
1 88 626 74
2
1 987 993 556
2
2
2
1 510 870 783
2
2
2
1 273 358 371
1 863 925 771
1 266 503 660
1 132 195 351
1 251 796 65
2
2
2
1 348 353 430
1 736 786 212
2
2
1 622 863 198
1 66 745 355
1 518 767 797
2
2
1 920 990 537
2
2
1 88 630 82
1 764 897 218
2
1 544 821 235
2
1 682 843 434
2
1 463 514 721
1 142 158 171
2
2
2
1 760 986 462
1 58 486 239
2
2
2
2
1 558 662 976
1 707 976 790
2
1 383 688 620
2
2
2
1 729 850 449
2
1 166 328 792
1 783 910 982
2
2
1 24 949 941
2
2
1 599 856 417
1 959 979 934
1 495 907 251
2
1 407 625 832
1 205 494 834
2
2
1 682 801 792
2
1 369 452 154
1 397 777 124
1 541 984 677
1 778 871 772
1 260 588 21
2
2
1 224 259 2
2
1 298 801 124
2
2
2
2
2
2
2
1 387 611 476
1 443 585 996
2
1 686 703 559
1 640 694 261
1 73 737 554
1 964 993 128
2
2
2
1 189 936 275
2
1 928 928 952
1 945 983 487
2
1 191 694 60
1 583 674 929
1 347 876 800
2
1 1 106 811
2
1 144 570 106
2
2
2
1 950 954 943
1 803 890 193
2
1 34 431 563
2
2
2
1 636 640 334
1 631 633 378
1 489 495 745
2
2
1 138 407 626
2
2
1 116 177 509
1 527 536 964
1 746 866 505
2
2
2
2
2
2
1 379 466 41
2
2
1 573 697 587
1 326 934 475
1 784 925 968
2
2
1 543 878 193
1 162 388 697
2
1 985 987 996
1 324 990 981
2
2
1 993 994 953
2
2
2
2
1 594 907 760

