268 8086
vamjrjjndqrlmrzquxarzzfwrwdltbvbqfnaoaiqpphqodeqzyndegziihupulkehgteyxvetufrsqrcssraxjaavzyuplhdajnocxxfdisevcsjddilkyplcmmurhzoazwaaopiljqtdperrqxoadgqncvhtnfrbyhkzeiqlnqteplnamiyitqjifynleywomxpdezctljtupoulkwamwktdpkqvkhxsoiskuktlygclahylyxaskzxmyzatiagtkjiooepcgal
1 194 263 638
1 67 187 273
1 243 247 625
2
2
2
1 134 188 88
1 40 75 196
1 171 192 670
2
2
1 150 253 352
1 190 235 510
1 229 247 368
2
1 131 250 57
2
1 251 267 975
2
1 88 134 222
2
2
1 154 248 42
2
1 267 268 815
1 161 248 561
1 2 60 739
2
1 156 259 620
1 114 186 101
1 99 260 752
1 258 267 713
1 192 211 359
2
2
2
1 9 55 736
1 82 254 211
2
2
1 244 246 50
1 32 241 562
1 57 104 902
2
2
2
2
2
1 32 58 869
2
2
1 172 221 367
2
2
2
1 161 199 667
2
2
2
2
1 195 223 724
2
1 211 253 797
2
1 197 254 672
1 25 111 953
2
1 242 255 981
2
1 266 266 31
1 60 219 69
2
2
1 3 190 483
1 257 266 951
1 104 185 462
2
2
1 52 111 820
1 92 265 719
1 156 231 819
2
1 31 76 298
2
1 92 117 789
1 244 266 704
1 12 186 830
2
1 133 256 881
1 199 242 651
1 212 251 546
2
1 93 188 426
1 239 256 327
1 231 257 613
2
2
1 81 127 78
2
2
2
1 238 248 425
2
2
2
2
1 112 257 158
1 18 193 112
2
2
1 146 190 11
2
2
1 210 241 258
2
2
2
2
2
1 32 144 988
2
1 102 244 76
2
2
2
2
1 123 249 400
2
1 61 167 137
1 231 256 214
2
1 159 167 737
2
1 241 249 338
2
2
2
1 194 196 68
2
1 215 263 681
1 254 268 138
1 268 268 275
2
2
2
1 130 209 397
2
2
2
2
2
2
2
2
1 238 250 748
1 25 250 788
1 10 105 276
1 231 241 920
2
2
1 67 105 437
1 61 75 804
2
1 6 38 655
2
1 54 85 795
2
1 219 246 671
2
1 210 210 605
2
1 18 173 162
1 39 236 713
1 136 229 79
1 241 252 707
2
1 130 131 568
1 176 229 524
2
2
2
1 67 184 148
1 172 197 458
2
1 64 261 853
1 105 211 574
1 182 183 90
1 34 255 275
2
2
1 16 67 731
1 122 188 587
2
1 21 85 814
2
1 254 254 126
2
1 232 240 42
2
2
2
2
1 139 256 392
2
2
1 154 197 975
2
1 207 214 308
1 4 14 732
2
2
2
1 89 129 16
1 79 184 706
1 37 241 192
1 5 191 869
2
1 55 239 226
1 161 187 754
1 34 61 666
2
2
1 100 171 689
1 36 94 895
1 230 263 571
2
1 3 34 70
2
2
2
1 174 235 321
2
2
2
1 172 211 519
1 191 199 316
1 89 255 346
1 169 237 445
2
2
2
1 262 267 214
1 258 264 873
1 41 227 843
2
1 246 265 556
2
2
1 206 228 324
2
1 66 139 565
1 94 95 411
1 25 173 466
2
1 102 126 908
1 76 214 675
1 29 111 281
1 20 160 251
1 72 111 823
1 198 224 130
2
2
2
2
2
1 173 186 743
2
2
2
2
2
1 234 242 328
1 68 251 662
2
2
1 125 211 670
1 118 171 497
2
1 172 212 21
2
2
2
2
1 94 120 392
1 191 200 346
2
1 176 224 155
2
1 15 198 330
2
1 229 247 191
1 162 204 27
2
2
1 198 219 271
1 84 112 373
2
2
1 86 145 111
2
1 201 245 6
2
1 202 267 263
2
2
1 112 155 539
2
2
2
2
1 9 75 728
2
2
2
2
2
1 190 250 922
1 76 234 363
2
2
1 168 233 916
1 170 232 136
2
1 203 256 61
2
1 261 262 801
1 102 147 693
1 231 233 396
2
2
1 267 267 454
2
1 16 167 380
2
1 149 167 551
1 188 265 173
2
1 6 74 794
1 19 173 443
1 89 197 549
1 133 156 388
1 172 180 665
2
1 197 226 831
1 220 261 253
1 65 246 655
1 11 226 722
2
2
2
2
2
2
2
2
1 11 205 484
2
2
2
1 267 268 845
1 191 220 494
1 189 210 727
1 150 263 614
1 231 232 542
1 155 227 624
1 145 259 667
1 125 224 583
2
1 252 254 49
1 72 154 40
2
1 54 171 578
2
2
1 253 268 218
1 226 244 311
2
2
2
1 60 242 479
1 76 154 724
1 16 74 422
1 89 242 619
1 216 230 53
1 170 236 407
1 148 165 896
1 228 265 509
1 198 245 682
1 159 240 928
1 188 203 406
2
2
1 102 115 394
1 103 243 389
1 143 245 634
2
2
1 251 268 234
2
1 173 240 102
1 132 202 860
2
2
1 52 191 890
1 61 122 883
2
2
2
1 27 205 419
1 257 265 975
2
2
1 95 234 532
1 214 246 433
1 187 217 24
1 110 129 147
2
1 146 222 221
1 106 234 777
2
2
1 14 59 580
2
1 130 185 779
2
2
2
2
1 23 203 202
2
1 77 123 846
1 110 185 185
2
2
2
2
1 221 247 901
1 5 164 719
2
1 79 139 136
1 47 66 339
2
2
2
2
1 232 246 458
2
2
1 59 105 519
1 40 195 557
2
2
1 133 221 151
1 27 242 986
1 47 65 235
1 146 228 592
1 156 179 510
1 80 162 5
1 187 262 661
2
2
2
1 46 240 824
1 23 33 756
1 53 110 146
1 238 267 187
1 16 245 783
1 237 246 32
2
1 94 138 593
1 157 249 953
1 1 67 731
2
1 126 152 252
1 33 207 784
2
1 99 266 982
2
1 178 197 9
1 227 262 685
2
2
1 11 260 899
1 36 172 289
2
1 39 185 552
2
1 157 215 784
2
1 8 206 166
2
2
2
1 82 82 319
1 246 256 689
2
1 120 257 49
1 91 212 845
1 256 265 434
1 266 266 402
1 18 51 308
1 230 245 247
2
1 175 253 44
2
2
2
1 202 242 514
2
1 202 240 3
2
1 58 147 641
2
1 48 115 152
1 105 115 219
1 252 266 233
2
2
1 97 188 835
1 253 268 868
1 133 144 651
1 78 265 54
2
2
1 192 195 499
1 190 207 667
2
2
1 157 263 924
1 149 243 136
1 256 268 428
2
2
2
1 117 171 547
1 17 138 934
2
1 89 217 797
1 155 268 133
2
2
2
2
2
2
2
2
1 97 176 502
1 121 131 219
2
1 174 267 766
1 30 83 52
2
1 149 188 177
1 137 267 77
2
1 161 234 717
2
2
2
1 240 261 710
2
1 245 262 582
2
1 99 130 84
2
2
1 11 99 72
2
1 68 242 135
1 268 268 250
1 157 248 904
2
1 4 8 955
2
2
1 23 172 546
2
1 166 221 575
1 40 65 942
2
2
2
1 239 253 0
2
1 238 247 163
1 156 182 378
2
2
1 15 228 338
2
1 96 171 335
1 20 224 435
2
1 245 263 780
2
2
1 11 65 504
2
2
2
1 242 268 764
2
1 183 211 960
1 230 256 13
1 36 101 475
1 264 266 849
1 199 246 163
1 69 157 608
2
2
2
1 177 192 708
1 32 212 43
2
2
2
2
2
1 177 265 167
1 160 217 497
1 123 169 897
2
2
1 176 253 22
2
1 113 168 165
2
1 93 116 286
1 184 184 780
2
1 142 228 722
1 204 216 849
2
1 97 141 395
2
1 99 163 692
2
1 245 258 345
1 132 189 6
1 54 258 718
2
2
2
1 130 204 927
1 170 230 247
2
2
2
2
2
2
1 36 195 294
1 79 179 695
2
1 72 239 542
1 251 255 788
1 248 257 92
1 110 112 816
1 129 178 416
1 207 258 136
1 174 247 490
2
1 10 117 232
2
2
1 266 267 609
2
2
1 241 259 58
1 145 202 143
1 164 211 630
1 253 254 102
1 151 227 207
1 17 209 224
1 102 266 122
2
1 217 262 373
2
1 11 161 806
1 81 256 73
2
1 200 226 206
2
1 44 185 592
2
2
2
1 75 93 618
1 22 198 299
2
1 21 198 462
1 98 162 155
2
1 140 255 200
2
2
1 21 25 286
1 17 113 14
1 103 161 44
2
1 250 252 253
1 187 224 653
2
1 156 164 553
1 253 260 384
1 267 268 156
2
1 266 267 580
1 67 128 177
2
2
2
2
1 189 224 155
2
1 14 152 430
1 191 220 533
2
1 251 268 504
1 77 171 314
2
2
2
1 258 265 591
1 194 223 469
2
1 89 155 353
2
1 120 183 695
1 146 187 168
2
1 10 16 612
2
1 24 194 447
2
2
1 220 227 82
2
1 184 260 700
1 122 182 170
2
2
1 247 259 215
2
1 135 169 689
1 80 256 290
2
2
2
1 56 92 203
2
1 106 196 892
2
2
1 110 194 20
2
2
2
2
2
1 263 265 266
1 222 254 237
2
1 173 227 83
1 115 194 753
2
2
1 210 240 14
1 172 213 791
1 244 267 632
2
1 98 159 844
1 265 266 951
1 157 197 710
2
2
2
2
1 27 163 559
2
1 173 191 585
1 211 228 140
1 2 105 293
1 254 257 756
1 23 223 255
2
2
2
2
1 83 159 879
2
2
2
1 162 231 358
2
2
2
2
1 240 262 609
1 205 223 584
1 100 230 969
2
1 124 159 17
2
1 2 60 765
1 186 193 895
2
2
2
2
1 179 242 882
1 247 256 699
2
1 259 261 432
2
1 243 255 214
2
2
1 206 219 851
1 1 249 749
2
1 170 174 446
1 87 157 560
2
2
1 112 268 763
2
1 237 240 68
1 268 268 130
1 251 261 715
1 111 227 858
2
1 247 249 909
2
2
1 99 149 456
2
2
1 152 218 592
1 14 146 330
1 15 186 746
2
1 3 142 487
2
1 87 107 819
1 260 263 290
2
2
1 76 77 390
1 135 229 723
1 164 178 964
1 69 223 316
2
2
1 35 235 840
2
2
2
2
1 232 259 659
1 114 191 476
2
2
2
2
1 177 245 732
1 237 244 586
2
2
2
1 268 268 327
2
2
2
1 258 261 329
1 191 206 909
1 244 261 566
2
1 263 268 898
2
1 144 181 42
2
1 67 257 285
2
2
1 220 266 406
1 112 233 273
1 177 205 787
1 34 40 147
2
2
2
2
1 202 254 966
2
1 88 198 896
2
2
1 102 159 416
2
1 36 236 685
2
2
1 208 267 710
1 228 265 38
1 159 261 962
1 123 149 604
2
2
1 71 203 728
1 54 97 675
1 233 259 98
1 161 210 81
2
2
2
2
1 192 194 240
1 241 257 818
1 192 210 76
1 149 213 355
1 28 180 648
1 45 167 575
2
1 92 188 620
2
2
2
1 65 210 137
2
2
2
1 245 268 267
2
1 266 268 958
1 226 228 577
1 199 255 318
2
1 116 234 860
1 51 115 874
1 263 268 627
1 263 264 812
1 110 148 796
2
2
2
2
2
2
2
2
2
2
2
1 167 210 740
1 250 259 74
1 110 117 285
1 97 212 209
2
2
1 30 221 753
1 254 257 391
2
1 245 264 231
1 268 268 479
2
1 60 251 930
1 210 243 416
1 89 246 333
2
1 214 215 749
2
2
1 216 221 267
2
1 51 230 113
2
2
2
1 11 54 131
2
1 113 129 762
1 6 240 311
2
1 58 138 673
1 255 263 560
2
1 218 232 326
1 117 166 550
2
1 42 212 976
2
2
1 255 259 59
2
2
1 139 196 295
2
2
2
2
2
2
1 190 228 696
2
2
2
2
2
1 162 223 708
1 171 254 893
2
2
1 116 198 129
2
1 6 228 84
2
1 168 213 798
2
2
1 192 249 445
1 172 223 460
1 26 33 78
1 236 263 441
2
2
1 166 181 836
1 36 166 881
2
1 226 252 284
1 38 58 930
1 160 189 585
1 219 234 89
1 72 194 316
1 146 211 253
1 249 249 483
2
1 71 190 691
2
1 65 220 871
2
2
2
1 175 180 19
2
1 32 252 700
2
2
2
2
2
2
2
2
2
1 88 245 254
2
1 15 58 397
2
1 174 252 603
1 7 208 592
2
1 170 268 896
2
2
2
1 145 162 546
1 111 127 885
2
2
2
2
2
2
1 139 240 372
2
2
1 89 142 331
2
1 221 232 667
2
2
1 179 183 370
1 154 225 497
2
2
1 77 100 765
1 264 265 513
2
2
1 255 262 114
2
2
1 4 254 892
2
2
1 153 158 198
1 46 262 335
1 36 210 784
2
1 197 233 817
2
2
1 39 97 167
1 140 225 416
1 101 242 30
2
2
1 200 264 232
2
1 253 267 199
2
1 170 177 548
2
1 256 260 319
1 124 198 575
2
1 187 228 989
2
2
2
1 62 234 832
2
1 98 266 93
2
1 151 193 98
2
2
1 145 251 41
2
1 30 64 251
2
1 4 200 890
1 120 186 991
1 195 236 228
2
2
2
1 243 266 703
2
1 219 254 453
2
2
1 220 221 776
2
1 24 96 937
1 222 235 121
1 256 258 435
1 95 144 890
2
1 146 163 261
2
1 106 237 671
1 152 197 242
2
1 253 254 860
1 32 71 354
2
2
2
2
1 145 193 170
1 32 236 714
2
1 81 149 151
2
2
2
2
2
2
1 74 132 649
1 185 246 847
1 208 211 135
1 132 212 409
1 115 177 266
1 164 170 42
1 130 232 402
2
1 112 148 824
2
1 9 167 137
2
2
1 179 196 188
1 13 13 610
2
1 139 169 319
2
2
1 212 228 303
2
2
2
1 133 240 461
1 259 265 388
2
2
1 110 126 41
1 232 244 58
1 40 121 351
2
2
1 253 264 657
1 140 214 44
1 14 94 325
2
2
2
1 34 46 134
2
2
1 210 254 423
1 30 146 676
2
1 208 226 509
1 180 202 136
2
2
2
2
1 219 247 669
2
2
1 41 52 339
1 115 173 731
1 194 253 392
2
1 166 260 196
1 6 46 630
2
1 253 255 92
2
2
1 55 180 137
2
2
2
1 101 218 133
1 30 202 322
2
2
2
2
1 80 132 69
2
1 177 219 455
1 15 216 0
1 67 105 529
1 66 135 970
2
1 93 120 991
1 200 256 133
1 113 176 277
2
1 139 249 71
1 140 153 65
1 92 170 812
1 16 257 315
2
2
2
1 259 264 350
2
2
1 208 266 61
2
1 28 136 73
1 220 242 616
1 183 232 37
1 262 264 817
2
1 226 237 240
2
1 17 127 579
1 220 258 661
2
1 138 206 451
2
2
1 154 242 275
1 227 248 656
1 254 265 86
2
2
1 176 206 440
2
1 258 263 357
2
2
1 51 178 671
1 171 234 704
2
2
1 226 236 35
1 132 138 630
2
1 262 266 599
2
2
1 125 130 943
1 34 53 160
1 165 202 309
1 196 243 52
1 145 228 202
1 49 72 765
1 3 252 238
2
2
2
1 258 267 534
1 56 95 2
2
2
2
2
2
2
1 240 253 688
2
2
2
1 21 180 374
1 143 160 785
2
1 248 250 526
2
1 236 255 600
1 197 226 746
1 74 246 379
1 114 120 688
1 140 206 406
2
1 25 90 450
1 205 225 187
2
2
2
2
1 210 230 887
2
1 5 184 375
1 66 177 834
1 109 162 530
1 91 264 757
1 16 78 871
2
1 92 144 32
1 145 160 701
2
2
2
1 205 259 426
2
1 241 247 416
2
1 194 227 468
2
2
2
1 13 183 292
2
2
1 201 253 564
1 8 211 847
1 52 86 322
1 200 215 452
2
1 186 254 411
2
2
1 45 179 499
2
2
2
2
1 45 66 315
1 87 245 963
1 231 263 769
1 157 239 946
1 222 238 779
1 193 207 1
1 128 209 97
2
1 241 259 263
2
2
2
2
2
2
1 90 90 736
1 12 69 689
1 239 241 256
1 175 252 148
1 213 258 644
2
1 71 153 844
2
1 72 98 460
1 7 223 634
2
1 2 266 964
1 213 213 813
1 182 226 405
1 251 258 12
2
2
2
2
2
2
1 114 223 571
2
2
1 200 222 426
1 68 166 934
2
2
2
2
1 242 263 676
1 34 204 104
2
1 51 201 737
2
2
2
1 233 259 294
1 153 157 718
2
2
2
1 28 189 169
2
2
2
1 60 187 434
1 92 132 422
2
2
1 26 154 302
2
1 260 265 620
1 217 252 430
2
1 74 117 537
2
2
1 213 229 749
1 245 261 419
1 56 141 42
1 179 220 979
2
2
1 197 214 147
1 261 265 791
1 144 150 937
2
1 21 160 716
2
1 241 244 171
2
2
2
2
2
1 80 106 788
2
2
2
1 86 219 662
2
1 254 255 10
1 62 83 86
2
2
1 179 240 741
2
1 241 252 266
2
2
1 151 197 611
1 244 249 161
1 212 237 389
2
2
1 42 218 300
2
2
2
1 184 206 130
1 206 244 305
2
1 130 169 173
1 62 236 367
1 108 117 553
2
2
1 1 38 377
2
2
2
2
1 195 263 456
1 115 167 884
1 173 217 613
2
1 250 264 624
1 193 224 998
2
1 219 255 583
1 153 263 257
2
1 119 225 643
2
1 65 127 711
2
2
2
2
2
1 231 254 18
2
1 101 194 782
2
1 241 256 584
1 238 257 698
2
2
2
2
1 212 220 737
2
1 195 236 302
2
1 45 196 298
1 161 245 80
1 12 118 805
2
2
2
2
2
2
2
2
1 196 229 62
1 4 231 574
1 47 189 562
1 137 249 904
1 204 248 13
1 63 160 571
1 53 66 692
2
1 85 116 604
2
2
1 195 228 31
2
2
1 151 159 24
2
2
1 69 197 456
1 57 241 714
1 13 85 500
1 232 233 781
2
1 60 259 663
1 26 224 681
2
2
1 150 261 673
2
1 101 197 453
1 69 206 486
2
1 189 227 586
2
1 112 156 367
1 254 255 944
2
1 13 204 809
2
2
2
1 81 107 688
1 168 231 468
1 86 260 452
2
1 37 125 355
2
2
1 245 245 474
1 212 217 435
1 163 175 963
2
1 113 155 379
2
2
1 2 106 519
1 189 241 855
2
2
2
2
2
1 204 260 714
1 137 195 645
1 248 248 802
2
1 106 266 253
2
2
1 155 245 691
2
1 65 110 593
2
2
2
1 41 178 990
2
1 2 187 331
2
2
1 255 263 97
1 211 230 673
2
1 100 237 315
1 181 246 166
2
2
1 1 153 780
2
2
1 68 70 839
2
1 151 183 91
1 21 218 978
2
1 257 265 936
1 246 250 68
1 117 137 405
1 179 213 804
2
2
2
2
1 38 118 0
1 96 254 712
1 118 146 432
2
1 47 211 842
2
2
2
1 254 265 430
2
2
2
1 214 262 970
1 178 245 386
1 58 175 246
1 117 218 68
2
2
1 251 261 568
1 219 267 58
2
1 203 208 348
1 30 163 593
1 111 146 503
2
2
2
1 61 158 74
2
1 12 30 644
1 188 254 940
1 41 179 131
1 228 234 389
2
2
1 93 191 347
1 107 158 711
2
1 224 224 157
2
2
1 243 264 118
1 187 214 231
2
1 121 242 271
2
2
1 176 261 597
1 2 23 724
1 209 230 858
2
1 38 44 452
2
1 9 171 212
1 234 245 120
1 130 153 290
2
2
1 216 240 484
1 224 226 276
1 51 210 340
2
1 75 148 202
1 168 192 496
2
2
2
2
2
2
1 48 259 668
1 174 239 187
2
2
2
1 37 207 774
1 190 249 742
2
1 255 259 983
1 130 164 569
2
2
1 2 195 499
1 17 104 426
2
1 172 189 45
1 47 256 11
2
2
2
1 252 253 31
1 194 194 109
1 235 258 604
2
2
1 44 47 701
1 50 119 185
1 116 249 226
1 238 252 56
1 83 236 55
2
1 251 257 678
1 52 93 726
2
2
1 226 253 274
2
1 146 255 693
1 122 143 21
1 235 258 262
2
2
2
2
1 230 264 4
2
1 9 97 141
2
1 41 234 630
2
1 256 257 614
1 262 265 783
2
1 159 255 4
1 48 155 702
2
1 206 212 407
1 170 195 478
2
1 70 235 216
2
1 7 83 738
1 27 257 987
2
1 160 165 650
1 263 264 818
1 231 237 246
1 253 255 491
1 99 258 902
2
1 60 154 698
2
2
2
2
2
1 211 214 226
1 69 206 286
2
2
2
1 107 126 376
1 9 252 760
1 193 256 335
2
2
2
2
2
2
2
1 157 189 124
2
1 53 147 489
1 186 232 240
2
1 110 254 824
1 119 237 275
1 145 171 114
1 152 194 874
2
1 131 234 273
2
2
2
2
1 114 246 616
2
1 130 237 914
1 174 177 708
2
2
1 6 57 22
2
1 219 255 260
1 140 168 494
2
1 28 59 723
1 58 160 602
1 148 179 756
1 246 249 901
1 83 247 227
1 120 210 976
1 96 239 476
2
2
2
2
2
1 259 262 648
2
1 88 109 818
1 122 254 464
1 202 216 852
2
2
1 245 247 962
1 49 265 48
1 129 139 21
1 247 257 296
1 227 243 816
2
1 165 180 903
1 245 266 68
1 191 240 483
2
1 147 249 115
2
1 74 152 912
2
2
1 21 139 246
2
2
1 159 250 664
2
1 149 188 155
1 121 152 99
1 30 235 234
1 236 257 740
1 99 112 179
2
2
2
1 186 205 183
1 22 222 315
1 186 266 759
2
2
2
1 129 168 528
2
1 3 111 76
1 156 238 706
1 267 267 334
1 193 227 864
2
1 187 187 672
1 133 268 437
1 208 228 2
1 265 267 574
1 212 222 400
1 186 214 214
2
2
1 39 45 327
2
2
2
1 13 260 354
1 60 129 443
1 259 265 618
2
1 162 198 580
2
1 177 262 252
2
2
1 71 226 593
2
2
1 236 252 785
2
2
1 41 212 278
1 161 207 455
1 208 237 129
2
2
2
2
1 33 130 172
2
2
1 228 262 858
1 266 268 929
1 36 151 489
1 120 216 823
1 149 255 998
1 252 263 901
1 118 199 16
1 103 263 843
2
1 66 215 498
2
1 198 203 230
2
2
1 129 223 360
1 26 247 470
2
1 136 251 664
2
1 186 191 910
2
2
1 4 59 541
2
2
2
2
1 48 155 380
1 196 242 738
1 43 126 81
2
1 95 256 211
1 230 266 263
2
2
2
2
2
2
2
2
1 148 232 312
2
2
2
2
1 80 256 57
2
2
2
1 138 211 294
2
2
2
2
2
1 50 101 131
1 14 100 408
2
1 237 257 899
1 213 255 174
1 132 168 243
2
2
1 134 204 146
2
2
1 197 266 66
2
1 175 190 698
1 222 259 9
1 6 72 790
2
1 31 264 865
1 152 158 104
2
1 13 263 921
1 76 123 116
2
2
1 103 221 947
1 101 212 60
2
1 50 160 973
1 5 29 192
2
1 40 207 416
2
1 38 220 671
1 228 242 145
2
2
1 173 226 839
2
1 74 105 250
1 214 226 414
1 141 230 690
2
2
2
1 218 219 347
2
1 174 245 124
1 190 192 312
1 177 243 580
2
2
2
2
1 135 185 608
1 177 228 800
2
2
1 108 262 120
1 207 235 43
2
1 96 102 60
1 203 208 947
2
1 101 156 275
1 238 251 41
2
2
2
1 6 237 782
2
2
2
2
1 207 230 895
1 39 169 731
1 35 36 966
1 1 86 888
1 61 153 428
1 95 256 723
1 5 216 892
2
1 87 223 455
1 78 189 535
1 221 260 454
2
1 25 41 711
2
1 186 206 364
2
1 244 254 393
2
1 84 90 144
2
1 247 262 918
2
2
1 239 247 193
2
2
2
2
1 236 262 33
2
1 156 236 295
2
1 65 183 334
1 127 171 249
1 106 164 297
2
2
2
1 252 264 341
1 218 219 435
1 53 190 390
2
1 155 225 220
1 142 194 465
2
2
1 182 255 511
1 91 187 566
2
2
2
2
1 202 263 66
2
1 56 155 102
2
2
1 182 215 176
1 200 244 165
1 31 173 371
2
2
1 201 215 385
1 161 167 781
2
2
1 119 188 301
2
2
1 22 231 940
1 174 186 510
1 84 222 688
2
2
1 234 261 96
1 200 223 932
1 94 178 729
2
1 239 255 915
2
1 259 266 543
2
2
1 82 153 629
1 103 266 811
1 130 190 641
2
1 266 267 521
1 223 250 166
1 19 87 280
2
1 243 262 169
1 23 170 344
1 101 159 166
2
1 90 183 751
2
2
1 119 224 483
2
1 266 266 209
1 116 237 803
1 194 216 713
1 127 241 623
1 181 263 27
2
1 109 212 813
1 165 257 615
1 34 67 904
2
2
1 34 213 696
1 258 263 415
1 9 46 992
2
2
2
1 250 268 455
2
1 102 141 2
2
2
1 79 195 706
1 239 267 423
2
2
1 232 264 318
2
2
2
2
1 103 188 97
1 106 203 347
2
2
2
2
2
1 38 79 685
2
1 236 236 426
2
2
2
2
2
1 39 242 71
1 209 264 930
2
1 129 147 624
2
2
1 132 240 78
2
2
1 7 95 98
2
2
1 259 259 451
1 182 240 678
1 175 232 364
2
1 41 244 648
2
2
1 247 257 640
2
1 187 258 216
1 72 165 363
1 179 209 318
2
1 172 263 610
1 152 223 178
1 19 176 692
1 268 268 990
1 195 203 667
1 178 211 838
1 103 106 672
2
1 140 238 974
2
2
1 44 267 233
1 87 187 313
1 147 261 67
2
1 169 263 51
2
2
1 60 103 317
1 62 180 902
2
1 39 186 898
2
1 250 251 900
2
2
2
2
2
2
1 30 107 77
2
1 199 217 428
1 14 168 239
2
2
2
2
2
2
2
1 225 238 937
1 165 266 959
1 230 255 483
1 125 138 589
1 87 222 30
1 66 147 938
1 213 263 201
2
2
1 111 265 900
2
2
1 78 258 45
1 132 193 414
2
2
1 128 155 296
2
1 91 217 536
2
2
2
2
2
2
2
1 62 77 632
2
2
1 51 186 693
1 215 222 15
2
1 207 208 180
1 179 245 479
1 184 217 329
1 237 266 182
1 110 212 22
1 211 222 433
2
2
1 99 134 557
1 22 54 331
2
2
2
1 77 204 952
1 199 237 402
2
2
2
2
1 258 258 125
2
1 53 211 366
1 9 167 415
2
1 153 218 882
2
2
2
1 253 268 341
1 232 260 227
1 172 245 778
2
2
1 190 201 667
1 153 166 55
2
1 34 102 840
1 114 201 614
2
2
2
2
1 227 230 196
2
2
1 120 171 906
2
1 223 262 486
2
2
1 43 133 966
1 187 228 457
2
1 256 260 347
2
2
1 38 217 414
1 18 115 676
2
2
2
2
1 136 245 516
2
2
1 248 267 502
1 85 104 585
2
1 79 239 592
2
2
1 147 248 760
2
1 81 108 966
2
1 130 137 392
1 96 259 812
2
2
1 95 203 594
1 173 179 585
1 40 222 91
2
1 79 152 1
2
2
1 84 178 491
1 208 216 922
1 11 71 155
1 167 231 322
1 217 237 606
1 59 244 526
1 50 169 772
1 264 264 63
2
1 96 174 522
1 82 212 20
2
1 32 148 847
1 172 214 179
2
2
1 216 229 393
2
2
2
2
2
2
1 7 147 990
2
2
2
1 68 254 432
1 241 241 173
1 254 258 808
2
2
1 50 78 293
2
2
1 178 230 254
1 126 163 853
2
1 78 154 815
1 186 187 657
1 97 135 12
1 174 243 361
1 97 123 545
2
2
1 139 236 708
2
1 110 188 650
1 229 245 830
1 111 245 319
2
2
2
1 181 244 358
2
2
2
2
2
2
2
1 80 187 466
1 54 106 303
1 233 262 30
2
2
2
2
2
1 229 253 939
2
1 6 47 13
1 46 175 560
2
1 155 251 88
1 88 261 336
2
1 130 148 911
2
1 149 242 712
2
2
1 195 268 401
2
1 179 216 994
1 158 185 39
2
1 262 263 22
1 75 93 897
1 199 234 841
2
2
2
1 139 169 323
2
2
1 79 140 827
2
2
1 68 167 165
2
1 144 225 256
1 174 223 684
2
2
1 71 161 773
1 208 249 403
1 100 134 459
1 143 182 885
1 132 260 112
1 258 263 46
1 63 139 499
2
1 230 230 587
2
1 218 258 749
2
2
1 24 152 44
2
2
2
2
1 23 263 690
2
2
1 119 189 995
1 44 98 97
2
1 8 155 962
2
1 169 223 533
1 122 156 260
1 221 246 86
2
1 255 264 438
2
2
1 112 236 144
1 49 232 127
2
2
2
2
1 10 152 99
2
2
1 227 267 993
1 180 194 391
1 47 144 259
1 17 154 443
2
2
1 115 201 207
1 209 242 731
2
1 64 197 147
1 87 180 278
2
2
2
1 74 119 207
1 197 267 848
2
1 38 100 703
1 97 267 844
2
2
2
2
1 52 216 424
2
1 72 240 716
2
1 128 229 6
1 126 200 616
1 97 212 444
1 260 261 266
1 181 265 362
2
1 110 232 339
2
1 174 256 601
2
2
2
1 227 242 737
1 251 265 25
1 226 237 29
1 70 190 151
1 259 261 171
2
1 79 225 772
2
1 214 260 86
1 65 139 841
2
1 58 238 125
1 237 266 321
2
2
2
2
2
2
1 118 159 435
2
2
1 105 198 255
1 228 250 775
2
2
2
2
2
1 196 203 611
1 106 148 127
2
2
1 50 88 107
2
1 165 265 411
1 246 266 384
2
1 36 109 669
2
1 261 264 569
1 25 71 367
1 203 262 636
1 13 208 501
2
2
2
1 36 231 744
1 202 209 467
2
2
1 26 61 6
1 105 140 163
1 248 256 77
2
2
1 28 200 629
2
1 79 252 771
2
2
1 179 193 599
1 113 268 556
2
2
1 71 241 77
1 255 265 983
1 101 206 675
2
2
1 155 227 630
2
2
2
2
1 231 250 548
2
1 217 239 524
2
2
2
1 113 132 835
2
1 188 215 251
2
2
2
1 260 268 757
1 170 218 603
2
1 117 177 371
1 184 233 673
2
2
2
2
2
2
1 113 177 196
2
2
2
1 176 243 548
1 21 173 367
1 185 196 145
2
1 140 234 408
1 128 167 814
1 77 209 169
2
2
1 70 226 157
1 135 141 343
1 38 100 515
2
1 63 176 881
2
1 171 198 846
1 22 57 683
2
1 20 115 120
1 153 176 343
1 47 79 803
1 258 260 600
2
2
1 10 40 985
2
1 170 257 618
1 85 208 815
1 49 182 983
1 94 259 674
1 33 42 600
2
2
1 176 193 727
1 128 209 807
2
2
2
1 11 227 841
1 156 256 581
2
2
2
2
1 54 217 12
2
2
2
2
2
1 29 247 94
1 246 250 898
1 100 191 872
1 141 215 462
2
2
1 138 150 260
1 247 260 162
1 181 209 889
2
1 139 195 631
1 123 147 440
2
2
1 225 229 954
2
2
1 145 193 336
2
1 4 227 4
2
2
2
1 70 199 828
1 78 88 59
2
2
1 254 254 885
2
2
2
1 138 188 793
1 220 258 536
2
1 46 128 638
2
2
2
1 67 235 24
1 178 210 149
2
2
2
2
1 127 163 655
2
2
1 50 233 969
2
1 144 255 47
1 72 72 425
2
2
1 120 167 459
1 263 267 868
1 129 164 225
2
2
2
2
1 133 195 561
2
2
1 67 144 202
1 231 265 42
1 202 266 269
1 224 250 980
2
2
2
1 3 134 623
1 5 200 450
2
1 44 96 761
1 98 219 54
2
1 258 263 91
2
1 194 228 954
1 164 264 372
2
2
1 67 124 755
1 137 230 859
2
2
2
2
2
2
2
1 93 110 894
1 190 261 226
2
1 197 268 521
1 123 134 650
2
2
2
1 258 258 589
2
1 158 244 735
1 88 171 280
1 192 253 191
2
1 161 230 174
1 184 219 11
2
1 75 173 535
2
1 82 217 764
1 252 259 709
1 236 268 362
1 218 219 716
1 27 225 176
1 70 83 290
1 87 205 155
1 261 264 316
2
2
2
2
2
1 76 146 827
2
1 112 120 30
1 253 256 630
2
2
2
2
2
1 17 248 893
2
2
1 197 260 981
2
2
2
2
1 77 231 650
2
1 124 229 992
1 189 235 45
1 231 264 355
2
1 241 258 711
2
2
2
2
1 78 262 445
1 233 259 105
1 118 189 384
2
1 134 266 970
2
1 242 261 620
1 188 266 780
2
1 126 186 975
1 205 268 873
1 256 267 52
1 179 187 903
2
2
1 134 211 784
2
1 54 105 118
1 144 209 891
1 265 265 151
2
1 103 149 981
1 91 99 896
2
2
2
1 260 268 409
2
2
1 104 234 326
1 28 35 591
2
2
1 155 176 499
2
1 205 220 869
2
1 156 159 257
1 160 247 243
2
2
2
2
1 9 255 86
2
2
2
1 169 217 934
1 91 178 850
1 225 259 151
2
2
2
1 171 238 957
2
2
1 40 184 904
2
2
2
2
1 181 242 259
2
2
1 64 236 552
2
1 113 195 374
2
1 214 246 766
1 198 248 282
1 214 240 203
1 255 268 548
1 78 112 227
1 53 110 58
1 138 196 265
1 112 159 578
2
1 49 218 889
2
2
2
2
2
2
1 177 260 115
2
2
2
2
1 236 243 632
1 66 85 794
1 200 206 772
2
2
2
1 193 262 38
1 230 231 723
1 245 252 698
2
2
2
1 183 186 973
1 150 215 131
1 78 120 989
1 109 225 184
2
2
1 29 202 297
1 149 260 164
1 216 216 149
2
2
1 157 180 543
2
2
1 226 242 499
1 258 263 672
2
2
1 152 178 850
2
2
1 120 255 510
2
2
1 194 228 720
2
1 93 264 893
2
2
1 245 268 990
1 19 139 375
2
2
1 201 236 551
1 154 180 896
2
2
1 202 203 423
2
1 23 234 10
1 59 194 768
2
1 93 267 655
2
1 259 264 279
1 43 118 257
1 209 242 700
2
2
2
1 132 175 345
1 111 237 972
2
2
2
1 222 264 640
2
2
1 41 64 205
2
2
2
1 10 228 275
1 99 222 985
1 166 241 703
1 189 221 382
1 140 187 34
2
1 39 144 895
2
1 199 245 148
1 229 247 945
2
2
2
1 144 249 839
2
2
2
2
1 37 77 600
2
2
2
1 101 103 189
1 161 241 403
1 17 102 628
2
2
2
1 86 148 252
1 68 110 529
1 202 250 978
2
1 22 124 890
1 39 129 5
2
1 188 189 162
1 229 234 191
2
2
2
1 93 114 547
1 202 253 489
1 237 268 203
2
1 218 221 791
1 12 203 604
1 5 142 410
2
1 78 86 678
1 45 184 906
2
2
1 32 254 346
2
1 244 246 649
2
1 25 268 657
1 114 183 522
2
2
2
1 123 131 658
1 231 256 447
2
1 107 136 380
1 250 266 672
2
2
2
1 118 262 785
2
2
1 37 224 838
1 215 236 773
1 68 83 651
2
2
1 260 265 263
1 220 266 348
2
2
2
1 268 268 481
2
1 84 169 304
1 82 193 219
2
1 139 221 308
2
2
1 102 129 968
2
2
1 40 255 736
2
1 115 141 821
2
1 217 264 515
2
2
1 21 104 361
2
2
2
2
1 224 267 368
2
2
1 175 240 638
2
2
1 47 196 618
1 213 263 988
1 225 248 81
2
1 138 209 539
2
1 230 263 354
1 177 213 196
1 76 178 659
2
2
1 97 147 966
2
2
2
2
1 191 201 986
2
2
2
2
2
1 127 163 454
1 32 102 176
1 53 119 571
1 2 38 578
1 71 115 35
1 249 262 305
1 157 174 439
1 233 251 591
2
2
2
2
1 162 260 352
1 179 186 994
2
2
2
2
2
2
1 235 261 712
2
1 197 222 438
1 140 256 992
1 1 216 227
2
2
2
2
1 101 257 670
1 44 193 306
2
1 96 118 293
2
1 262 267 688
1 182 264 29
2
1 219 235 409
2
2
1 169 211 99
2
1 81 159 650
1 5 66 558
1 202 244 369
2
1 127 222 749
1 188 264 691
1 148 164 121
1 66 217 313
1 258 258 542
1 216 244 115
1 14 53 293
1 243 255 635
1 33 208 44
2
1 92 147 861
2
1 255 259 281
2
1 195 230 111
1 137 150 841
1 110 119 886
1 42 264 103
2
1 184 198 687
1 83 235 278
1 32 71 929
1 57 256 879
1 178 220 924
2
2
1 260 265 458
2
2
1 124 240 576
2
1 158 218 731
2
2
1 201 266 336
1 210 254 454
1 259 267 980
1 162 224 667
2
2
2
1 114 127 373
2
2
2
1 73 250 820
2
2
1 262 265 110
2
2
2
2
1 104 153 939
2
1 73 268 85
1 43 114 592
2
2
2
1 168 193 621
2
2
2
1 231 250 166
1 177 212 236
1 142 204 567
1 142 222 854
2
1 240 246 874
2
2
2
2
2
2
1 8 32 401
2
2
2
1 13 57 112
2
1 145 153 246
2
1 239 251 141
2
1 179 218 3
1 192 244 944
1 182 219 379
2
1 266 267 831
1 207 243 437
2
1 151 237 318
2
1 222 240 583
2
1 245 249 645
2
1 103 134 226
1 134 178 394
2
1 169 257 414
2
1 212 259 563
2
1 185 220 54
2
1 143 242 285
2
1 30 108 912
1 232 241 842
2
1 13 139 654
1 63 205 793
2
1 170 209 735
1 184 226 921
2
1 72 263 360
2
2
2
1 197 221 33
2
1 92 143 225
2
1 190 215 872
1 164 235 426
2
2
1 104 127 553
2
1 127 225 51
2
1 159 199 477
1 253 263 12
1 67 256 824
2
1 39 143 883
2
2
2
2
2
2
2
2
1 222 263 975
2
2
2
2
1 165 214 565
1 4 145 848
2
1 95 107 128
2
1 268 268 14
2
1 208 218 142
2
2
1 228 265 271
2
2
1 13 242 346
1 68 69 290
2
1 100 128 981
1 216 263 945
2
1 221 231 872
2
1 22 91 793
1 187 228 214
2
2
1 124 231 657
1 236 263 404
2
2
2
1 54 117 683
2
2
1 250 252 398
1 154 164 474
1 262 262 625
2
2
1 86 233 944
1 253 264 973
2
2
1 5 192 95
2
1 235 264 604
1 181 233 75
2
2
2
1 144 148 17
1 158 238 439
1 142 222 262
1 28 148 524
2
2
1 73 99 794
2
1 222 225 453
1 254 260 477
2
1 268 268 348
1 244 262 812
1 143 147 920
1 16 105 655
2
1 2 210 542
1 31 258 563
1 254 268 485
2
2
1 165 215 49
2
1 120 180 497
1 4 8 318
1 213 228 68
1 250 265 186
2
2
2
1 140 223 109
2
2
1 260 264 216
2
2
1 103 158 459
2
2
2
1 239 239 566
2
1 167 254 941
2
1 61 74 848
2
2
1 260 264 554
1 231 242 4
2
1 157 163 525
2
2
1 151 268 335
1 122 226 272
2
2
1 113 183 99
1 123 261 645
2
2
1 53 139 606
1 172 208 298
2
1 50 265 571
2
2
1 50 177 61
1 241 258 23
1 196 202 929
1 217 246 365
2
2
2
2
2
1 46 145 545
2
2
2
1 33 152 727
1 75 215 248
2
1 265 268 754
2
1 48 151 795
2
1 47 60 924
1 138 203 942
1 268 268 418
1 75 126 729
2
1 22 135 509
2
2
1 155 177 61
2
1 261 262 499
2
2
1 14 190 654
1 6 241 703
1 24 210 929
1 8 37 595
2
1 60 83 282
1 229 240 459
1 111 138 135
2
1 66 174 512
2
1 165 242 706
2
1 87 112 314
2
1 114 128 320
2
1 217 236 167
2
1 5 36 239
2
2
1 266 267 573
2
1 166 179 903
1 7 24 681
1 266 268 315
2
1 79 102 317
2
2
1 11 43 312
1 164 214 565
2
2
1 23 253 75
1 252 263 705
2
1 159 253 848
1 110 180 786
2
2
2
1 40 84 411
1 187 194 154
1 4 153 131
2
2
1 151 228 282
1 210 214 365
2
2
1 38 79 884
2
2
2
1 204 262 491
1 236 267 471
2
2
2
1 57 159 959
2
2
2
1 245 248 439
1 150 152 795
1 168 186 480
2
1 44 105 915
2
1 44 263 427
1 140 154 459
2
2
1 131 249 355
2
1 32 208 121
2
2
1 166 198 26
2
2
2
1 115 181 111
2
1 43 266 567
1 101 222 789
1 185 202 192
1 20 37 446
1 119 196 825
2
1 26 130 343
2
1 73 266 343
2
1 16 179 958
1 260 263 567
2
2
1 166 232 746
1 2 182 946
1 147 173 150
1 67 218 370
2
2
1 43 81 267
1 173 244 757
1 14 24 812
2
1 211 253 199
2
2
2
2
2
2
2
2
1 196 208 390
1 110 243 755
2
2
2
2
1 226 267 620
2
1 195 244 878
2
1 105 239 791
1 92 130 614
1 217 235 461
1 166 183 679
1 78 256 579
2
1 111 154 425
2
1 257 268 165
2
2
1 243 264 420
1 49 190 131
1 115 233 263
1 3 199 550
2
1 181 213 105
2
2
1 70 188 854
1 229 252 484
2
2
1 92 246 543
2
2
1 204 257 660
1 32 205 61
2
1 223 244 268
1 262 268 351
2
2
2
2
1 182 214 926
2
2
1 74 263 311
1 107 115 859
1 212 239 872
1 148 235 861
1 206 265 567
2
1 71 109 666
1 74 244 659
2
1 141 171 281
1 45 247 972
1 192 241 262
2
2
2
1 95 114 411
1 127 250 983
1 103 110 164
1 51 258 144
2
2
2
2
1 212 246 606
1 64 100 986
2
1 201 244 844
1 72 178 947
2
2
2
1 10 178 835
2
2
1 104 201 557
2
2
2
2
1 51 199 801
2
1 255 257 339
2
1 226 259 352
2
1 168 267 184
2
1 20 263 474
1 209 228 184
1 112 164 392
2
1 266 267 585
1 226 229 243
2
2
1 140 182 408
2
2
1 3 208 781
1 248 251 644
2
2
2
2
1 145 156 613
1 128 252 276
2
1 131 232 190
2
2
2
2
2
1 20 35 911
2
2
2
1 250 256 154
1 241 253 930
2
2
1 173 198 175
1 226 250 617
2
2
2
2
2
2
2
2
1 94 168 899
1 173 251 125
1 216 220 150
2
1 15 127 443
2
1 5 180 503
1 236 244 497
2
1 189 263 522
1 203 206 890
2
1 239 249 640
2
2
2
2
2
1 65 196 958
1 118 208 696
2
2
1 92 217 206
1 136 255 620
1 106 178 944
1 208 208 342
1 22 122 658
1 74 222 352
1 77 94 139
1 114 203 610
1 62 85 401
2
2
1 61 174 339
1 90 104 242
1 123 245 845
2
2
1 182 217 574
1 133 229 325
2
1 89 130 153
2
1 205 224 630
2
2
2
2
2
1 134 148 986
2
1 22 66 771
2
1 267 267 335
1 43 135 516
1 124 258 527
2
1 2 48 146
1 235 254 514
2
2
2
2
1 199 249 166
2
1 231 266 961
2
1 201 238 510
1 65 197 447
2
2
1 72 236 255
1 10 29 760
2
1 223 239 349
2
2
1 260 263 392
2
2
2
1 185 221 492
1 52 100 854
2
2
2
2
2
1 98 265 221
2
1 49 173 332
1 207 265 353
1 224 229 919
2
1 41 243 356
2
2
1 206 245 607
2
2
2
1 196 235 535
2
1 210 221 413
1 62 152 794
1 151 268 823
2
1 108 231 435
2
1 182 227 981
1 217 264 522
1 177 242 637
2
1 233 233 704
1 159 233 494
2
1 157 268 468
1 89 191 396
2
2
1 249 266 763
2
2
2
1 194 253 485
1 171 235 935
2
1 201 231 883
1 175 215 95
1 47 58 104
2
1 169 261 567
1 83 93 995
1 258 266 228
2
2
1 60 250 694
1 237 254 102
2
1 240 267 513
1 105 247 455
1 113 162 605
1 90 225 610
1 30 63 603
2
1 170 261 918
1 136 142 661
1 27 113 895
2
1 230 253 736
1 151 153 792
2
2
2
2
1 253 259 357
2
1 50 240 66
2
2
2
2
1 158 265 593
1 129 182 400
2
2
2
1 61 145 266
2
2
2
1 252 260 562
1 90 268 484
2
2
1 266 268 600
2
2
2
1 7 181 866
2
1 91 256 667
1 46 230 30
1 175 179 182
1 174 234 774
1 28 254 911
1 55 91 265
1 39 44 305
2
1 200 262 320
1 79 91 998
2
2
1 160 175 737
1 70 266 625
2
1 37 88 292
2
1 28 149 118
1 16 27 459
2
2
2
2
1 126 168 657
1 117 195 150
2
1 77 197 92
2
2
2
1 22 92 69
2
1 194 218 275
1 85 118 242
2
1 42 163 616
1 182 258 174
2
2
2
1 115 151 488
1 134 251 904
2
1 199 260 956
2
1 155 251 561
1 88 237 267
1 13 178 41
1 194 206 297
1 247 256 696
2
2
2
2
2
1 212 268 844
2
2
2
1 177 251 926
1 121 185 332
2
1 138 146 89
2
2
2
2
1 123 204 509
2
1 133 212 408
2
2
2
1 210 219 22
1 214 258 405
1 169 226 631
1 216 251 666
1 66 156 42
2
1 127 198 292
2
1 29 163 473
1 41 163 740
2
2
1 156 184 417
2
1 220 255 953
2
1 123 168 342
2
2
1 28 103 854
2
2
2
1 98 262 156
1 78 87 636
2
1 196 248 498
1 108 184 359
1 62 142 10
2
2
2
2
1 227 267 789
2
1 84 170 501
2
2
1 164 183 689
1 36 46 483
1 17 211 164
1 183 239 361
1 110 191 200
1 223 252 313
1 73 248 522
1 90 181 829
1 11 236 557
1 254 254 185
2
1 6 234 169
1 248 248 576
1 48 157 956
2
2
2
1 185 242 724
1 93 227 128
2
2
1 128 240 313
2
1 94 165 192
2
1 25 129 953
1 255 262 918
1 250 254 23
1 130 265 860
1 188 202 933
2
1 186 258 639
1 198 257 260
2
2
1 65 68 227
2
2
2
1 34 257 585
1 130 261 489
2
2
2
1 138 249 508
1 244 250 855
1 13 102 424
1 38 260 355
1 92 212 431
1 93 180 204
2
2
1 152 183 317
2
1 149 197 723
1 21 223 517
2
1 54 196 865
2
1 209 221 455
1 244 258 133
2
1 31 148 630
2
2
2
2
1 143 183 104
1 78 93 548
1 51 225 273
2
1 197 262 554
2
1 57 193 165
1 34 159 368
2
1 74 145 922
1 184 225 634
2
2
1 147 214 812
1 15 253 594
1 7 134 321
1 149 243 931
1 244 251 815
1 197 227 401
1 128 234 5
2
2
2
2
2
2
2
2
1 10 35 577
2
1 178 199 918
2
1 213 254 150
1 132 164 512
2
1 199 208 897
2
1 152 265 626
2
2
1 131 204 319
1 4 177 141
2
2
2
1 165 230 610
2
2
1 70 205 945
1 18 231 609
1 244 246 87
2
1 219 268 485
2
2
2
2
1 208 213 265
1 32 264 881
2
2
2
2
1 217 256 468
1 226 227 315
2
1 143 238 42
2
2
2
1 197 261 924
2
2
2
2
2
2
2
2
1 59 114 581
1 117 204 150
1 139 254 539
1 59 130 334
2
2
2
2
2
1 86 148 493
2
1 105 251 110
2
2
2
1 36 253 93
2
1 250 251 299
1 17 84 220
2
2
2
2
2
2
1 190 232 730
2
2
2
2
1 197 247 857
2
1 208 230 22
1 106 210 646
2
1 63 218 635
1 153 160 614
2
1 180 196 120
1 38 93 603
1 208 262 766
2
2
1 174 243 815
1 259 261 753
1 165 173 697
2
2
2
1 191 205 144
1 16 255 551
1 181 220 172
2
1 95 103 784
1 193 194 784
2
2
1 138 259 484
2
2
1 150 167 842
1 14 61 463
2
2
2
1 151 256 64
2
2
2
2
2
2
1 226 249 338
1 190 195 239
1 103 234 421
2
1 106 214 138
1 9 158 245
2
1 65 148 796
1 168 237 593
2
2
1 217 228 857
2
1 105 225 198
1 101 213 620
2
1 33 46 262
1 59 112 660
1 160 184 161
1 39 108 61
2
1 267 267 101
1 184 264 368
1 169 223 465
2
2
1 109 197 998
2
2
1 64 183 101
1 204 230 472
1 133 235 980
1 138 230 384
2
2
2
1 116 226 539
1 107 242 685
1 124 220 464
2
2
1 106 205 835
2
1 109 147 213
1 195 219 633
2
1 221 253 963
1 181 230 652
1 85 234 69
1 28 91 975
2
1 126 159 300
2
1 265 268 764
2
2
2
2
2
1 35 118 320
1 56 90 175
2
2
1 126 261 276
2
2
1 41 164 746
1 192 241 96
1 192 203 408
2
2
1 57 226 89
1 169 240 372
1 42 204 542
1 216 223 646
1 157 190 990
2
2
2
2
1 68 204 654
2
1 137 198 580
2
1 122 266 658
2
2
2
1 49 128 537
1 22 95 522
2
1 26 86 817
2
2
1 183 205 411
1 184 227 516
1 139 193 801
1 16 96 978
2
1 133 160 619
2
2
2
1 103 217 145
1 92 120 865
2
1 98 251 861
1 217 231 128
2
2
1 36 239 942
1 245 267 16
2
1 57 58 962
2
2
2
2
1 256 267 721
1 180 267 913
2
1 13 92 301
1 263 267 805
2
2
1 63 102 357
2
1 14 228 714
1 36 233 724
2
2
2
1 10 196 568
1 229 260 858
2
2
2
2
1 260 266 109
1 144 179 78
1 182 259 359
1 63 123 591
2
2
2
2
2
2
1 172 232 954
2
2
1 14 103 965
2
2
2
2
2
1 26 111 335
2
1 189 224 163
1 79 197 825
1 59 186 875
1 143 225 824
2
1 159 181 424
1 215 230 524
1 209 212 234
1 99 196 996
1 178 188 124
2
1 228 239 148
1 119 139 746
1 52 247 846
1 246 253 59
2
2
2
2
1 202 263 678
1 217 237 388
2
1 212 235 558
1 168 203 308
1 177 259 304
2
2
2
1 2 23 614
2
2
2
1 93 112 63
1 108 238 281
2
1 72 164 28
2
1 65 127 700
2
1 92 146 305
2
2
2
2
2
1 245 246 402
1 139 258 31
2
1 146 240 913
2
2
2
1 222 245 133
2
2
2
2
1 235 246 885
1 21 239 334
1 184 209 613
2
2
2
1 91 268 569
1 116 178 556
2
1 136 173 627
2
1 52 75 71
2
1 158 207 32
1 45 50 906
2
2
1 59 237 794
2
1 91 203 373
2
1 165 253 349
1 66 170 870
2
1 179 210 704
1 84 169 39
2
1 223 251 586
1 69 153 406
2
2
2
2
2
1 114 262 561
2
1 11 29 355
1 65 182 990
1 108 257 653
2
2
2
2
1 206 258 788
1 46 83 7
2
1 68 93 390
1 126 187 153
1 196 260 469
2
1 202 250 657
2
1 237 238 12
2
2
1 267 268 813
2
1 178 180 947
1 104 211 508
2
2
2
1 110 149 816
2
1 216 235 296
2
1 131 258 217
2
1 100 163 126
2
1 244 253 373
2
2
2
2
1 82 224 106
2
2
2
2
2
2
1 158 222 788
2
1 23 267 707
1 40 191 154
2
2
1 235 257 837
2
1 29 225 984
2
1 13 92 303
1 217 232 569
1 110 168 199
1 104 111 156
1 126 203 374
1 46 254 131
1 202 209 267
1 134 136 342
1 103 109 776
1 32 62 41
2
2
1 67 114 433
2
1 100 110 370
2
1 208 226 77
1 95 195 941
1 9 268 514
2
2
2
1 72 268 508
2
2
1 141 209 501
2
1 60 133 466
1 61 187 889
1 75 242 860
1 175 180 460
2
1 217 249 488
2
1 118 137 789
1 173 268 334
1 189 212 473
2
2
2
2
1 236 266 818
2
2
2
2
2
1 261 261 973
1 165 189 702
2
2
1 134 165 684
1 216 258 19
1 144 256 728
2
2
1 37 232 763
2
1 110 211 647
2
2
1 46 94 342
2
1 68 182 388
1 31 94 492
2
2
2
2
2
2
1 92 226 660
1 105 119 846
2
2
2
1 228 240 266
1 146 171 274
2
2
2
2
1 179 231 630
1 221 257 117
1 111 249 688
2
1 43 122 488
2
2
2
1 134 189 969
1 226 250 856
1 86 210 485
1 222 255 312
1 133 204 223
2
2
1 71 191 806
1 166 258 363
1 171 222 664
2
1 118 239 335
2
1 143 179 308
2
1 53 80 901
1 226 260 397
1 53 244 770
1 206 256 8
2
1 162 189 131
1 13 127 505
1 125 202 193
2
2
2
2
1 201 207 723
2
1 152 180 759
2
1 79 231 815
2
2
1 91 218 210
2
2
1 206 234 346
2
2
2
1 49 106 599
1 246 261 778
1 249 266 295
2
2
1 73 104 597
1 83 158 576
1 172 216 216
1 108 249 500
1 103 113 111
1 157 165 447
2
1 223 251 488
2
1 22 238 991
2
1 3 244 438
1 141 177 61
1 142 159 269
2
1 198 209 704
2
1 104 104 440
1 127 129 948
1 142 267 723
1 95 203 936
1 237 241 576
1 30 63 777
2
2
1 57 177 92
1 156 220 855
1 70 242 949
1 167 264 705
2
2
1 250 257 521
2
1 64 248 209
2
2
1 229 236 878
2
1 137 248 1
2
1 214 219 241
1 175 246 668
1 14 193 963
2
2
2
1 68 192 645
2
2
1 226 227 20
2
1 180 225 381
2
1 134 267 777
2
1 23 162 128
1 159 200 262
1 100 251 310
1 31 75 290
1 100 215 514
1 160 252 578
1 197 239 202
1 13 68 734
2
1 256 258 761
2
1 72 94 837
1 65 121 577
1 180 216 773
1 159 243 70
2
2
2
1 191 260 379
1 178 210 860
1 111 240 520
2
2
2
2
1 64 122 756
2
1 88 149 630
1 68 244 673
2
1 102 226 905
2
1 98 195 552
1 62 187 635
1 38 49 855
2
1 214 240 746
1 99 195 254
1 66 264 142
1 31 108 129
2
2
1 129 197 714
2
1 4 39 887
2
2
1 243 253 521
2
1 210 214 421
2
2
1 83 194 106
2
2
2
2
1 243 259 177
1 63 68 647
2
2
1 174 204 959
1 175 182 423
1 147 180 939
1 170 246 393
2
2
1 30 226 276
2
1 132 252 416
1 141 173 853
1 208 210 489
2
1 72 119 83
2
1 196 219 22
2
1 246 252 345
1 243 251 310
1 264 267 641
1 110 138 908
1 185 228 878
2
1 201 223 988
2
1 194 212 277
1 76 266 598
2
1 136 184 296
2
1 80 122 503
1 34 86 827
1 252 263 101
1 210 217 104
2
2
2
2
2
2
1 259 267 248
1 145 195 819
2
2
1 103 188 312
1 11 103 709
1 148 161 47
2
1 102 260 982
2
2
2
2
2
1 21 120 528
2
1 51 196 532
1 234 242 680
2
2
1 263 264 364
1 112 125 864
1 64 68 877
1 60 172 460
2
1 114 130 933
1 143 195 953
2
1 216 222 424
2
1 229 256 233
2
1 152 180 468
1 199 229 646
1 172 244 529
2
1 138 247 960
2
2
1 239 263 984
2
1 66 152 980
1 152 220 976
1 149 265 620
2
2
2
2
1 153 169 644
1 29 256 871
1 79 256 4
1 133 180 942
1 22 262 494
1 264 268 802
1 205 250 400
1 180 262 468
2
2
1 27 121 977
1 36 215 11
1 158 217 561
1 15 252 19
1 19 252 481
2
1 152 181 74
1 16 147 910
1 1 203 613
2
1 239 246 123
1 94 224 608
2
2
2
1 143 249 544
2
2
2
2
2
1 158 208 207
2
1 188 267 386
2
2
1 165 203 344
1 263 265 193
1 197 246 370
2
2
2
1 107 161 938
1 82 158 977
2
1 182 243 612
1 231 242 17
1 199 208 282
2
1 61 80 734
2
1 50 198 182
2
2
1 58 171 632
1 4 138 553
2
1 16 251 155
1 128 140 319
2
1 3 118 246
1 9 27 174
2
1 45 151 662
1 165 186 704
1 173 204 831
1 248 264 73
1 87 239 729
2
2
1 17 199 999
1 196 224 559
1 233 238 471
1 7 248 381
2
2
2
1 210 220 709
1 171 182 857
2
1 218 224 755
2
2
2
1 135 178 30
2
2
1 243 247 362
2
2
2
2
1 22 200 939
2
1 88 98 169
2
2
1 64 88 195
1 180 219 926
2
1 8 183 612
2
2
1 246 263 882
2
1 187 239 712
1 266 268 512
1 28 85 643
1 81 138 529
2
1 202 226 84
1 221 261 672
1 260 261 319
2
2
1 94 171 195
2
2
2
1 107 256 478
1 254 262 70
1 243 251 635
1 249 250 615
1 192 242 747
1 218 266 755
2
2
2
1 201 268 843
1 161 221 450
2
2
2
1 195 232 729
2
1 42 52 499
1 210 246 34
2
1 189 238 741
1 189 268 620
2
2
2
2
2
2
2
2
2
1 210 226 474
1 41 111 653
2
2
1 2 265 657
1 221 238 241
1 162 180 757
2
2
1 169 246 375
1 162 223 669
2
1 6 188 60
1 222 263 51
1 98 188 766
2
2
2
1 186 192 268
1 12 133 976
1 119 250 330
1 201 208 362
2
1 112 208 283
2
2
2
2
1 180 254 743
1 152 219 211
1 229 266 721
1 262 263 148
2
2
2
2
2
2
2
2
1 261 264 73
1 52 223 44
1 123 134 569
1 187 224 801
1 48 202 689
1 43 228 639
1 222 237 503
1 202 237 521
1 203 243 397
1 172 177 618
1 29 117 619
1 216 243 980
1 40 43 451
2
2
1 139 146 439
1 17 40 807
1 7 268 399
1 17 36 277
1 129 168 330
1 103 126 861
2
2
1 115 258 624
1 262 265 756
1 89 216 334
2
2
2
2
1 19 122 9
1 236 264 681
1 206 230 865
1 245 246 450
1 88 220 464
2
2
1 211 257 270
1 34 194 814
1 77 154 811
1 14 18 100
2
1 192 229 213
1 145 209 688
2
2
2
1 83 119 801
2
1 33 256 179
2
2
2
2
2
1 118 129 632
1 49 154 710
1 15 265 810
1 261 268 16
1 132 251 831
2
1 66 168 716
1 106 228 443
2
1 162 266 382
1 210 241 223
2
1 58 220 331
1 94 263 488
2
1 210 261 375
1 182 226 177
1 207 219 68
1 223 256 925
1 242 263 625
1 142 259 665
1 260 261 396
1 183 218 683
2
2
2
1 142 179 476
1 92 172 159
1 210 210 444
2
1 267 267 963
1 211 249 327
1 163 166 706
1 251 256 197
2
2
1 66 171 661
1 6 196 218
2
2
1 249 266 707
2
1 214 244 813
2
2
2
2
1 58 118 221
1 75 77 756
1 64 234 591
2
2
2
1 197 218 764
1 256 264 413
2
2
2
1 71 192 549
2
1 97 200 736
2
1 231 261 203
2
2
2
1 63 188 807
2
2
2
1 43 240 99
2
2
2
1 206 245 312
2
1 54 149 960
2
1 261 268 508
2
1 131 195 515
2
1 114 132 548
2
2
2
1 44 132 753
1 1 131 643
1 260 267 136
2
2
2
1 10 161 757
1 19 38 97
1 59 69 299
2
2
1 230 237 261
2
2
1 251 261 97
1 238 250 911
2
1 120 241 542
2
2
2
2
2
1 131 243 367
2
2
2
2
1 158 211 636
1 215 218 936
1 103 155 397
2
1 163 235 856
1 265 266 961
2
1 180 245 278
2
1 243 254 95
2
1 95 120 580
2
1 97 112 779
2
2
1 40 184 205
1 70 205 201
2
1 88 135 897
1 85 259 670
1 147 185 573
2
2
2
1 156 209 390
1 254 262 251
1 218 257 298
1 10 120 559
1 171 182 71
2
1 58 134 744
2
2
2
1 87 253 12
1 248 255 384
2
2
2
1 195 220 990
1 115 217 515
2
2
1 130 259 362
1 126 175 682
1 55 181 461
1 201 256 763
2
2
1 75 131 610
2
1 162 207 210
1 123 197 55
1 115 260 427
2
2
1 50 77 548
1 179 215 556
1 266 268 994
1 110 110 861
1 109 189 743
2
1 102 236 883
1 182 184 714
2
1 7 207 277
1 38 142 712
2
1 16 36 76
2
2
1 152 153 814
1 159 265 536
2
2
2
2
1 103 210 975
2
1 78 246 986
2
2
2
2
1 15 16 519
1 120 168 400
1 22 253 391
1 32 110 559
2
2
1 164 257 57
1 265 266 846
1 148 169 210
2
2
1 98 147 179
2
2
1 203 232 310
1 36 238 954
2
2
2
1 84 87 407
1 246 255 37
2
1 181 254 15
2
2
2
1 134 259 915
2
1 265 266 261
2
2
2
1 23 88 455
2
2
2
1 262 268 801
1 82 165 274
1 144 212 837
1 114 220 355
2
2
2
2
1 218 264 120
2
2
2
2
1 48 262 631
2
2
1 168 264 227
2
2
2
2
2
2
2
1 90 234 191
1 118 164 227
2
1 203 260 467
1 209 240 58
2
1 91 213 754
1 130 224 466
2
1 44 152 728
1 182 213 732
1 97 152 572
1 77 234 95
1 257 257 458
1 46 184 405
1 162 227 967
1 74 95 805
2
1 21 244 970
1 128 207 455
2
1 232 244 201
2
1 266 266 847
1 56 57 849
1 119 134 316
1 40 143 874
2
2
1 60 261 525
2
2
2
1 218 227 293
2
1 39 240 111
1 230 251 783
2
1 40 112 673
1 135 205 575
1 56 221 944
2
1 241 267 524
2
2
1 60 67 528
1 147 148 372
1 248 253 551
2
1 69 154 668
2
2
2
2
2
2
1 18 245 484
1 152 200 209
2
2
2
1 32 102 112
2
1 209 233 125
1 171 174 579
1 221 253 993
1 232 268 346
2
1 103 214 222
2
1 127 188 29
2
1 84 219 682
1 193 225 757
1 189 245 282
2
1 214 241 202
1 71 83 170
2
1 45 204 425
2
2
2
1 83 239 654
2
2
1 183 218 91
1 243 259 482
2
2
1 256 262 154
2
1 267 268 35
2
1 115 268 785
2
1 103 194 243
1 23 208 328
2
1 17 222 25
2
1 159 265 554
1 24 77 668
2
1 189 218 528
2
2
2
1 213 257 462
1 115 162 669
1 5 43 653
2
2
1 122 210 991
2
1 254 257 383
1 195 229 797
2
1 27 211 987
1 41 91 564
1 171 191 394
2
2
2
1 225 264 503
1 199 247 797
2
1 75 112 832
2
2
2
1 49 179 483
1 74 78 923
2
1 249 262 612
2
2
2
2
2
2
1 147 161 66
1 29 223 111
1 113 210 524
2
2
1 158 174 862
1 3 9 745
1 153 186 125
2
2
1 59 231 396
1 127 182 681
1 28 158 819
1 128 153 827
2
1 177 197 773
2
1 148 203 466
2
1 165 249 802
2
2
1 223 237 570
1 81 253 678
1 267 267 35
2
2
2
2
2
2
1 225 267 548
2
1 52 58 276
2
1 38 41 558
1 169 184 401
2
2
1 35 147 713
2
2
1 245 245 327
1 100 184 828
2
1 66 237 390
1 217 261 4
1 164 179 98
2
2
1 125 245 543
2
2
2
2
1 57 220 486
2
2
2
2
1 94 206 256
1 75 239 454
1 138 267 918
2
2
2
1 23 240 344
2
2
1 4 68 954
1 205 205 61
1 162 200 328
1 210 215 160
2
1 126 183 12
1 65 209 665
2
1 54 89 840
1 8 78 472
1 165 242 235
1 22 185 298
2
2
1 125 217 356
2
2
2
1 255 255 167
1 183 243 300
1 52 136 563
2
1 132 190 196
2
2
1 2 16 738
1 87 140 782
2
2
1 93 153 16
1 95 173 426
1 183 242 690
2
1 106 122 905
2
2
2
1 123 227 985
1 2 27 793
1 46 196 613
1 204 230 47
2
1 36 72 923
2
2
2
1 207 263 921
1 204 221 275
1 152 165 413
2
2
2
1 46 165 441
1 249 251 534
1 11 230 423
1 130 236 892
2
1 178 239 13
1 33 136 865
2
1 208 265 196
1 144 150 770
1 25 96 526
1 130 206 163
1 186 232 673
1 67 146 604
2
2
2
1 130 140 95
1 70 163 839
1 47 71 365
2
2
2
2
1 57 187 526
1 96 260 441
1 37 104 883
1 59 119 176
1 261 267 868
1 140 186 805
1 69 193 993
2
2
1 168 259 714
2
2
2
1 194 244 20
1 65 96 742
1 75 122 61
2
2
2
1 151 175 794
1 122 136 358
1 54 156 128
2
1 253 261 944
2
1 200 202 88
1 257 257 519
1 258 267 684
2
2
2
2
1 238 242 897
1 246 268 751
1 248 250 429
1 92 220 486
1 145 211 544
1 8 202 381
2
2
2
1 134 211 700
1 36 237 644
2
2
1 217 248 671
1 245 246 736
2
1 118 143 254
2
1 17 103 947
1 26 237 354
1 25 222 562
2
1 167 238 249
2
2
2
2
1 58 103 603
1 258 264 874
2
2
1 210 261 963
2
1 221 239 542
2
2
2
2
1 49 106 332
1 29 198 669
1 196 232 330
1 172 184 203
1 73 87 959
2
2
1 183 243 836
1 212 235 38
1 221 249 455
2
1 185 185 893
1 238 249 420
2
2
1 98 256 701
2
2
2
1 2 118 808
1 242 257 333
2
2
1 169 215 796
2
2
2
1 259 261 829
1 88 171 252
2
2
1 249 249 415
2
1 263 267 706
1 143 218 736
1 68 150 494
1 120 133 765
1 78 167 115
2
1 125 161 424
1 259 264 976
1 155 256 792
2
2
1 266 268 418
1 34 173 882
2
1 74 257 304
2
1 162 194 993
2
2
2
1 216 257 175
2
2
2
1 89 126 464
1 63 145 986
2
1 154 202 504
1 79 243 755
2
1 255 264 249
1 31 38 616
1 65 214 554
1 250 254 175
1 217 268 367
2
2
2
1 76 203 156
1 198 264 541
1 136 218 310
2
2
2
1 204 258 156
2
2
2
1 4 105 970
1 106 216 560
2
2
1 263 265 43
2
1 56 128 145
1 201 204 716
2
2
2
2
2
2
2
1 149 255 18
1 174 212 948
1 137 252 124
1 220 237 611
2
1 161 251 372
2
1 113 256 457
1 221 260 604
2
2
2
1 91 110 28
2
1 47 52 272
2
1 224 225 41
1 8 212 466
1 190 242 764
1 175 226 164
1 234 256 960
1 125 245 111
2
2
1 26 81 319
1 216 256 726
1 189 247 584
2
2
1 47 163 308
1 85 195 50
1 224 227 6
1 241 251 673
1 187 263 220
2
1 128 263 96
1 216 268 288
1 49 63 424
1 212 213 268
1 247 263 912
2
1 91 147 35
2
2
1 163 169 997
1 159 244 617
2
2
2
1 218 264 746
1 85 176 897
1 182 229 60
2
2
2
2
2
1 101 230 512
1 253 258 163
1 90 115 523
2
1 72 91 284
2
1 41 60 963
2
1 56 233 954
2
1 187 238 537
1 19 225 319
1 142 230 846
1 178 239 188
1 182 210 624
1 95 144 736
2
1 162 213 568
1 46 50 206
2
1 221 267 358
2
1 169 190 891
1 233 244 815
1 114 161 713
1 68 170 957
1 12 135 291
2
2
1 5 101 735
2
2
2
1 169 222 104
2
2
1 50 177 914
1 205 243 680
2
2
2
2
2
1 53 124 224
2
1 42 158 979
1 114 159 363
2
2
2
1 184 257 263
2
1 38 178 395
2
2
1 32 103 38
1 9 160 411
2
2
1 267 267 977
1 58 163 152
1 83 235 651
1 31 245 329
2
1 211 252 935
2
1 150 260 585
1 205 223 441
2
1 104 244 125
1 207 257 964
1 227 258 804
2
2
1 34 69 911
1 129 178 907
2
1 2 3 686
2
1 180 183 52
2
1 190 195 19
1 189 205 51
1 203 246 654
2
1 264 268 18
1 36 225 812
1 192 211 656
2
1 248 253 303
1 222 234 197
2
2
2
2
1 170 186 593
2
1 146 160 913
1 190 243 10
2
2
1 189 201 939
1 250 268 976
1 67 76 65
2
2
1 267 268 564
1 54 142 286
2
2
2
1 213 237 150
2
1 230 258 187
2
1 82 84 254
1 78 98 759
1 95 219 384
1 210 226 712
1 210 225 625
1 115 201 492
1 125 143 957
2
1 164 251 688
2
2
2
2
2
2
2
1 80 133 555
2
2
1 217 259 265
1 51 151 404
1 53 83 817
1 54 234 931
1 226 264 396
1 84 213 445
2
2
1 4 201 329
1 89 215 700
1 165 200 648
1 133 170 818
1 255 262 635
2
2
2
2
1 161 266 746
1 185 250 877
1 128 188 185
1 27 224 539
1 141 196 810
2
1 22 267 620
1 200 228 677
2
1 110 126 15
1 110 205 637
1 39 168 362
2
2
2
1 79 220 360
2
2
2
1 133 197 485
1 68 196 257
2
2
2
2
2
2
2
2
1 50 163 224
2
2
1 138 189 674
2
1 197 218 979
1 171 186 787
1 148 187 881
2
2
2
2
2
1 201 237 376
2
2
1 152 181 509
2
2
2
2
2
2
2
1 80 107 961
2
1 15 127 532
2
2
2
2
1 37 140 951
2
2
2
2
1 85 119 657
1 106 227 984
2
2
1 239 251 277
2
2
1 151 199 140
1 200 238 969
2
1 234 254 63
1 140 222 191
2
1 156 243 797
1 160 264 232
1 73 136 364
2
1 142 189 821
2
2
1 4 35 409
1 114 241 726
1 123 231 6
1 32 145 987
1 227 253 967
1 36 57 954
2
1 12 115 575
1 185 232 429
1 111 185 289
1 126 221 186
1 85 137 298
2
1 232 267 633
2
1 58 90 515
2
2
1 215 238 375
2
1 206 261 0
1 172 236 507
1 141 225 332
1 194 231 693
1 226 232 246
1 30 57 273
2
1 102 197 95
1 46 143 450
1 58 228 518
1 147 214 200
1 206 242 637
2
1 229 230 582
1 36 66 612
1 96 240 748
2
2
1 128 157 332
2
1 267 268 417
2
1 2 61 229
1 175 192 387
2
2
2
1 19 249 527
1 24 234 525
2
1 130 203 291
2
2
2
2
1 220 237 608
2
1 15 232 761
2
1 220 260 717
1 205 257 898
1 64 220 933
1 183 267 342
2
2
2
2
1 248 265 526
2
1 9 124 188
1 265 265 833
1 14 143 83
1 157 159 875
1 38 65 282
1 7 110 225
2
2
2
2
1 4 123 855
2
2
1 17 102 447
2
2
2
1 8 107 915
2
2
2
1 197 209 826
1 149 252 672
2
1 221 265 501
1 253 259 280
2
1 235 247 442
1 71 190 271
2
2
2
2
1 87 205 833
2
2
1 171 196 230
2
2
2
2
1 51 86 357
2
2
2
1 184 203 493
1 237 243 17
1 50 222 851
2
2
2
2
1 70 104 613
1 102 151 260
2
1 158 206 589
1 243 255 342
2
2
2
2
2
1 106 189 255
2
2
2
1 107 166 4
2
2
1 56 234 313
2
2
2
2
1 171 246 350
1 162 243 174
2
2
1 113 177 508
1 83 207 428
2
1 146 240 962
1 68 81 570
2
1 49 125 318
2
2
2
2
1 143 266 218
1 79 241 35
1 58 192 976
1 54 175 584
2
2
1 136 172 732
2
1 6 11 784
2
1 127 160 182
2
1 187 196 363
1 238 256 599
1 149 241 846
1 75 211 24
2
1 164 266 476
2
1 154 251 609
2
1 18 256 24
1 18 37 252
1 57 110 102
2
2
2
2
1 119 166 583
1 172 262 291
1 184 225 14
2
2
2
1 48 139 768
2
1 188 199 313
1 183 260 597
2
1 109 232 745
1 158 195 648
1 92 139 816
1 240 251 142
2
2
2
1 135 247 995
2
2
1 172 201 254
1 218 264 781
2
2
1 155 229 19
1 258 263 929
2
2
2
1 168 203 534
1 69 225 705
2
1 14 48 973
1 86 232 958
1 122 268 491
1 104 104 630
2
1 111 167 751
1 228 229 448
2
1 153 217 171
2
2
2
1 112 145 852
1 55 160 240
2
2
1 188 208 504
1 202 268 156
1 252 254 425
1 77 187 21
2
1 235 239 891
1 40 142 490
1 261 265 366
2
1 21 114 509
1 137 208 968
2
2
1 243 252 118
1 162 191 521
2
1 39 143 169
2
2
1 54 164 100
2
1 25 32 108
1 238 251 18
2
1 260 264 335
2
1 39 113 310
2
2
1 252 262 742
1 22 250 894
2
1 103 194 802
2
1 37 61 422
1 162 189 992
2
2
2
2
2
2
2
1 47 154 566
1 114 173 788
2
2
2
2
1 184 202 770
2
2
2
1 228 239 490
2
1 100 186 184
2
2
2
2
2
1 50 67 248
1 147 252 402
1 65 93 702
1 49 185 568
1 74 210 490
1 130 207 760
1 132 191 13
2
1 74 86 361
1 207 215 875
2
1 208 266 77
2
1 115 167 975
2
1 196 253 814
1 10 65 550
2
2
1 177 230 19
2
2
2
2
2
2
1 65 121 198
2
2
1 57 245 119
1 265 268 665
1 192 225 254
1 238 256 408
2
1 120 239 256
1 184 204 568
2
2
1 75 209 160
2
1 215 217 650
2
2
1 81 205 297
1 175 239 995
2
2
2
2
2
1 146 204 138
2
2
2
2
2
2
1 177 200 394
2
2
1 120 241 631
1 101 261 687
2
1 91 127 738
1 186 194 589
1 55 139 398
1 156 197 81
1 178 232 634
2
2
2
1 216 236 844
1 216 220 137
1 161 189 274
2
1 249 268 466
1 144 163 504
2
2
2
1 54 114 257
1 239 264 363
1 241 262 629
2
2
1 169 225 239
1 234 239 356
2
2
2
2
2
1 74 80 443
2
2
2
2
1 84 92 781
1 47 174 674
1 242 243 236
1 99 259 325
1 37 78 78
2
2
2
2
1 81 87 201
2
2
1 135 165 6
2
2
1 244 259 490
2
2
1 176 196 785
1 222 266 799
1 155 258 734
2
1 266 268 68
2
1 15 129 872
1 80 102 999
2
1 181 220 576
1 222 237 537
1 113 268 3
1 206 236 529
1 144 220 183
2
2
1 163 242 455
1 63 218 552
2
1 112 264 423
1 116 234 217
1 257 257 791
2
1 144 221 265
2
1 200 238 838
1 45 263 129
2
1 12 263 803
1 51 258 459
2
1 236 267 735
2
1 133 190 246
1 95 189 649
2
1 137 266 58
2
1 263 267 352
1 114 233 751
2
1 199 225 85
2
2
1 236 252 68
1 66 79 725
2
2
1 113 247 446
1 109 192 250
1 258 264 427
2
2
1 156 262 337
1 235 237 775
2
2
1 132 190 759
1 45 176 51
2
1 125 169 763
1 217 251 401
2
2
2
2
2
1 264 264 87
2
1 14 18 740
1 169 217 334
1 108 110 311
2
2
2
1 243 263 396
2
1 145 177 921
2
2
1 9 14 422
1 81 233 397
1 87 211 254
1 224 224 155
2
1 8 95 207
2
2
1 187 219 613
2
1 3 49 602
2
1 32 115 698
2
1 226 226 602
2
1 262 263 549
1 172 245 211
2
1 7 189 861
2
1 162 261 945
1 5 170 822
2
2
1 144 225 638
2
2
1 134 266 270
2
2
2
1 60 114 68
1 159 175 869
2
1 234 253 406
1 86 218 190
1 165 174 931
1 204 244 353
1 260 261 773
1 265 266 974
2
1 132 216 607
2
1 79 267 271
1 221 263 83
2
1 234 236 507
1 71 187 674
1 142 245 215
1 28 58 885
1 194 263 145
1 26 167 597
1 215 220 590
2
1 45 152 94
1 54 167 611
1 158 249 637
2
2
1 83 211 587
1 60 145 843
2
1 73 224 245
1 44 82 370
1 88 230 94
2
2
2
2
2
2
1 56 95 742
1 125 223 345
2
2
1 13 80 609
1 98 125 876
1 168 213 814
2
2
1 159 198 437
2
2
1 226 258 297
2
2
1 93 244 817
2
1 251 261 366
2
2
1 173 192 378
1 236 263 769
1 58 237 710
2
2
1 268 268 505
2
2
2
2
1 202 232 113
1 104 260 899
1 129 199 922
1 142 187 734
2
1 134 182 449
2
1 221 242 453
1 148 240 484
1 190 197 373
1 163 182 611
2
2
1 169 196 785
1 102 197 258
1 212 241 269
1 213 256 325
1 83 251 760
1 169 193 978
1 96 160 449
1 223 250 128
2
2
1 240 267 749
2
1 233 233 962
2
1 2 139 410
2
1 8 243 809
1 84 151 380
2
2
2
1 244 254 455
1 245 265 542
1 119 157 433
1 204 212 817
1 65 68 949
2
2
2
2
2
2
1 29 53 846
2
1 260 267 740
1 199 200 889
1 106 264 971
2
2
2
1 11 29 734
2
2
1 181 208 842
2
2
1 214 215 108
2
2
2
1 77 131 569
2
1 236 240 894
1 181 241 690
2
1 74 78 597
1 189 261 882
1 70 227 271
2
2
2
1 162 249 190
2
2
1 210 246 50
1 110 174 193
1 258 261 18
1 3 267 418
1 20 49 105
1 25 217 85
1 151 153 6
2
1 153 199 684
1 259 266 439
2
1 152 172 462
1 226 254 860
2
2
2
1 98 164 966
2
1 242 242 57
2
1 56 241 629
2
1 181 189 104
2
2
2
1 125 150 883
2
2
2
1 82 220 860
1 150 193 597
2
2
2
1 204 266 782
1 131 192 482
1 208 214 594
2
1 80 252 97
1 135 196 319
2
1 92 108 197
1 112 242 120
2
1 236 240 258
2
2
1 139 248 506
2
2
1 122 181 432
1 260 265 867
1 49 171 12
1 96 163 401
1 222 259 131
2
1 164 229 173
2
1 246 253 862
2
1 109 236 117
1 35 260 266
2
2
2
1 225 258 660
1 149 252 226
2
1 2 83 222
2
1 197 232 392
2
2
1 198 211 457
1 127 175 955
2
2
2
2
2
1 96 109 492
2
1 248 266 436
2
1 49 165 803
1 58 184 416
1 266 266 981
1 189 240 611
2
1 157 190 491
2
1 120 209 718
2
2
1 62 240 568
1 235 245 478
2
2
2
2
2
1 168 268 318
1 266 266 574
1 82 261 7
1 227 253 817
1 208 231 920
2
1 214 260 99
1 265 265 727
2
2
1 83 126 406
2
2
1 4 63 301
1 19 154 639
2
1 149 251 41
1 156 173 773
1 221 224 493
1 123 195 168
2
1 251 267 82
1 251 256 298
1 27 112 996
2
2
1 169 268 244
2
2
2
1 36 166 977
2
1 114 223 834
2
1 267 267 874
2
1 74 111 734
2
2
2
1 238 249 268
1 58 120 914
2
1 28 64 992
2
1 196 218 607
2
1 219 241 815
1 259 266 876
2
2
2
2
2
2
1 151 190 21
1 245 266 169
1 209 241 997
2
2
2
2
1 79 248 553
2
1 246 258 415
2
1 245 251 932
2
2
1 104 267 842
1 131 236 263
1 43 186 718
1 190 204 583
2
2
2
2
1 14 212 440
1 216 247 54
1 52 102 259
2
1 118 155 254
1 219 239 902
1 104 185 125
2
2
1 70 268 824
1 74 150 585
2
1 97 99 429
2
2
2
1 221 252 788
1 59 181 541
2
1 131 152 406
1 83 224 902
1 137 266 242
2
2
2
2
2
1 37 266 247
1 109 166 80
1 99 247 791
1 109 166 64
2
1 222 266 321
1 11 150 114
2
2
1 146 239 137
2
1 137 143 205
1 262 262 266
1 107 252 966
1 64 139 871
2
2
1 65 145 125
2
2
1 66 260 546
2
2
2
1 226 260 792
1 137 188 119
2
2
2
2
2
1 119 220 19
2
1 103 156 178
1 252 255 249
1 77 109 476
2
2
1 117 250 498
2
1 256 263 567
1 178 202 69
1 90 116 4
1 99 111 600
2
2
1 61 217 85
2
1 59 179 272
1 89 89 606
1 194 246 804
2
1 228 248 363
2
2
1 126 146 786
1 234 265 662
2
2
2
1 212 261 109
1 103 266 383
1 23 218 195
2
1 31 132 728
2
1 81 144 924
1 160 218 826
1 161 231 141
1 58 258 371
1 262 264 332
2
1 221 235 903
1 257 261 286
1 197 211 895
2
1 230 247 526
1 56 81 564
1 197 200 981
1 99 191 874
1 31 179 568
1 109 196 939
1 114 222 153
1 232 268 105
2
1 149 249 857
2
2
2
2
1 238 268 993
1 193 210 338
1 159 177 516
1 45 55 88
2
1 135 190 427
2
2
1 230 231 380
1 191 266 84
2
1 247 267 286
1 16 119 490
1 144 268 232
2
2
1 13 33 716
1 44 225 461
1 6 90 176
1 55 95 83
2
1 29 231 444
1 104 205 518
2
2
2
1 14 49 294
1 88 155 685
1 260 262 417
2
2
2
2
1 53 205 597
2
2
2
2
1 117 174 833
1 180 227 366
2
2
1 137 217 264
1 155 261 826
2
2
1 237 254 246
2
2
2
1 15 237 950
2
2
2
1 200 226 988
1 21 254 73
1 205 206 559
2
2
2
1 188 265 752
1 94 234 468
2
1 131 152 619
2
1 136 225 361
1 131 199 860
1 228 255 287
2
1 169 193 154
1 83 172 697
1 128 224 94
1 191 238 596
2
2
1 106 258 747
1 203 262 221
2
1 251 267 122
1 141 216 290
2
1 160 250 332
1 260 267 488
1 245 267 581
2
1 62 89 626
2
1 76 186 174
2
1 254 256 103
1 127 211 413
2
2
1 226 243 617
1 28 47 854
2
2
2
1 257 261 720
2
2
1 240 262 471
2
2
1 197 249 116
2
1 159 186 68
1 41 51 652
1 34 112 208
1 123 157 947
2
1 138 209 434
1 100 221 896
2
1 9 25 849
2
1 249 262 713
1 160 245 239
2
1 169 225 357
2
1 32 111 601
2
1 255 261 165
1 61 134 227
1 238 268 248
2
2
1 171 266 147
2
1 157 267 99
1 18 58 89
1 38 107 444
2
2
1 198 240 126
1 219 246 81
2
2
1 244 261 881
2
2
1 85 141 743
2
1 110 187 974
1 253 266 436
1 68 124 836
2
1 78 258 483
2
2
2
1 245 255 428
2
1 116 186 715
2
1 25 232 511
1 11 133 668
1 263 264 619
2
2
1 208 239 491
2
1 217 255 159
1 61 240 401
1 6 25 201
2
2
2
1 150 199 160
2
2
2
1 203 224 955
2
2
2
1 10 113 840
2
2
1 212 238 552
1 204 219 230
2
1 169 174 147
1 268 268 727
1 16 56 870
1 80 111 113
2
2
1 151 205 680
1 137 254 651
1 175 192 589
1 31 90 75
1 93 213 663
1 216 219 405
1 260 264 259
1 245 259 151
1 221 266 325
2
1 254 257 106
2
1 135 198 333
2
2
2
2
1 85 229 585
2
1 243 268 287
1 83 119 719
2
2
1 40 208 737
2
1 134 147 132
2
2
1 104 180 782
1 213 268 861
2
1 47 183 240
1 221 234 739
1 137 257 150
1 30 76 485
2
2
2
2
1 66 89 501
1 264 266 257
1 257 267 145
2
2
1 143 246 999
2
2
2
2
1 123 213 279
2
1 238 243 205
2
1 163 209 804
1 241 244 706
1 225 238 885
1 237 259 71
2
2
1 235 262 356
2
1 19 202 872
1 58 208 425
2
1 146 256 627
2
2
1 250 259 681
1 157 229 886
2
1 31 60 258
2
1 50 192 889
1 119 163 725
2
2
1 26 141 658
1 36 261 95
2
1 144 249 655
2
1 74 85 10
2
1 137 196 316
2
1 198 254 647
2
2
2
1 255 258 11
2
2
2
2
1 66 223 160
2
2
1 103 192 13
1 109 235 493
2
2
2
1 186 216 21
1 230 267 512
1 69 110 817
1 147 228 878
2
2
2
2
1 10 80 949
2
1 183 247 737
1 13 268 103
2
1 211 264 831
1 63 79 459
1 60 126 34
1 130 163 940
1 42 138 868
2
1 241 246 767
2
2
2
2
1 185 260 231
2
1 219 235 165
2
1 116 242 432
1 185 216 264
1 23 158 433
2
1 174 219 746
1 33 214 560
1 87 197 128
1 44 250 540
1 153 225 279
2
1 84 204 425
2
1 153 160 589
1 15 198 624
1 239 244 458
2
2
1 268 268 262
1 84 135 553
2
1 12 154 222
2
1 198 255 132
2
2
2
2
2
1 153 237 954
1 20 145 26
2
1 21 29 394
1 24 171 964
2
2
2
2
2
2
1 192 254 967
1 174 253 167
1 139 217 172
1 253 257 94
1 130 240 355
1 87 158 7
2
1 201 257 10
1 134 201 532
2
1 161 264 767
1 139 140 565
1 159 214 646
2
2
2
2
1 250 256 921
1 28 56 572
2
1 123 157 45
2
1 96 126 261
2
1 213 222 61
2
1 5 260 483
1 68 104 659
1 150 226 76
2
1 268 268 466
2
2
2
2
1 26 189 460
2
1 105 254 351
2
2
2
1 167 211 289
1 77 182 543
1 123 218 326
2
1 258 267 415
1 134 245 333
2
2
1 135 209 218
1 130 169 124
2
1 232 235 562
2
1 120 184 627
2
1 89 139 68
2
2
2
1 62 165 640
1 76 207 918
2
2
2
2
2
1 137 221 265
1 14 17 704
1 205 253 817
2
1 50 125 8
1 235 263 417
2
2
1 199 241 986
2
1 91 215 76
1 49 186 421
2
1 257 261 644
2
2
2
1 58 73 419
1 68 149 773
1 156 212 163
2
1 237 255 65
1 264 267 496
1 176 258 71
2
2
1 211 251 447
2
1 129 179 291
2
2
1 204 226 108
2
2
2
2
2
1 214 215 65
1 105 245 623
2
1 158 246 928
2
1 194 206 576
1 198 245 368
2
1 71 240 686
2
1 11 152 134
1 247 259 918
1 22 30 526
1 238 239 896
1 34 149 97
1 242 247 83
2
2
1 160 162 874
1 172 229 983
2
2
1 185 193 8
2
1 213 248 653
1 66 212 54
1 55 83 628
2
2
1 193 203 653
1 217 264 802
1 71 135 940
2
1 213 259 957
2
2
2
1 262 266 912
2
2
1 200 228 394
2
1 256 267 640
2
2
2
2
2
2
1 222 233 218
2
1 69 82 676
2
2
1 139 166 849
1 15 170 274
1 241 263 726
1 35 168 309
2
1 167 236 93
2
1 253 255 273
1 79 173 134
1 209 251 181
2
1 57 201 726
2
1 27 245 89
2
2
2
2
2
1 61 193 575
1 78 186 676
1 219 263 59
1 77 242 438
1 190 192 83
2
1 202 237 811
1 249 249 326
1 121 251 676
2
1 257 262 531
1 30 142 443
2
1 106 237 391
1 172 185 145
1 108 130 34
1 188 227 359
1 232 238 846
2
2
1 46 173 479
1 263 263 263
1 61 76 273
2
2
1 136 253 539
2
1 51 144 379
2
1 179 187 193
1 81 124 597
1 9 88 807
2
2
1 113 258 822
1 119 157 422
1 221 238 650
2
1 221 225 122
1 249 254 903
1 208 241 131
2
1 23 254 817
1 198 245 216
2
1 104 135 660
1 160 218 739
2
2
2
1 50 53 747
1 86 103 973
2
2
1 49 251 549
2
2
1 148 213 600
2
1 23 60 609
1 120 263 648
1 136 262 405
2
2
2
1 177 205 292
1 191 198 476
2
1 127 151 367
2
1 237 248 165
1 177 193 128
1 198 227 109
1 66 89 642
1 205 211 831
2
2
2
1 80 135 398
2
1 185 216 80
1 188 256 296
1 108 126 960
1 182 255 453
2
1 256 262 385
2
2
1 217 265 868
2
2
1 68 217 631
1 172 248 969
2
2
2
2
2
1 27 171 625
1 231 237 304
1 127 179 188
2
2
2
1 217 266 434
2
1 209 255 180
2
2
1 162 169 65
2
2
1 249 268 8
2
2
1 137 228 587
2
1 220 248 944
1 111 202 475
2
2
2
1 263 264 967
1 80 236 719
1 196 263 344
1 197 251 176
1 135 224 783
1 39 128 22
1 54 183 858
1 37 194 22
1 195 237 344
2
2
1 211 240 808
1 9 89 706
2
2
2
1 268 268 782
2
2
1 39 94 961
2
1 263 264 60
2
1 185 225 352
1 128 172 994
2
1 39 67 269
1 255 257 54
2
2
2
2
1 66 225 70
2
1 55 104 313
2
2
2
2
2
2
2
1 193 217 793
1 221 257 26
1 59 256 348
1 159 172 925
2
1 70 219 306
2
2
1 231 231 348
1 237 265 632
2
1 4 102 960
2
2
2
2
2
2
1 73 152 158
1 197 250 381
1 191 209 841
1 188 192 610
2
1 268 268 852
2
2
2
1 76 121 321
2
2
1 182 251 555
1 182 186 631
2
1 263 268 916
1 153 172 729
2
2
2
2
2
1 110 138 717
1 164 188 235
1 199 244 971
2
2
1 256 267 825
2
1 9 10 906
2
1 137 217 721
2
2
1 92 222 480
1 149 231 776
1 151 214 333
1 212 222 565
1 146 185 383
2
1 243 265 415
1 87 252 318
1 104 258 740
1 15 15 98
1 64 147 930
1 158 171 839
2
1 28 168 573
1 177 225 69
2
1 27 267 894
2
1 185 245 313
2
2
1 69 263 146
2
1 144 224 409
1 44 201 318
2
1 222 223 373
2
2
2
2
1 138 223 877
2
2
1 62 158 650
1 7 167 121
1 234 240 709
1 216 229 745
1 229 263 535
1 230 231 662
2
2
1 140 165 273
2
1 5 80 369
1 114 142 319
1 194 207 864
2
2
2
1 150 180 118
2
1 200 210 617
2
1 33 98 217
1 51 174 969
1 20 179 312
1 209 212 516
1 1 9 668
2
1 252 258 412
1 206 267 195
1 74 101 683
1 262 265 798
1 227 229 275
1 188 261 819
2
1 264 265 596
1 198 224 88
2
1 38 89 494
2
2
2
2
1 141 155 527
2
2
1 97 174 402
2
2
1 98 186 184
1 7 263 620
2
2
2
1 260 264 909
2
2
2
2
1 81 169 472
2
2
1 32 52 357
2
1 191 204 297
1 25 247 885
1 228 258 523
1 30 56 935
1 116 227 197
2
1 89 134 618
1 112 131 62
2
2
1 12 43 263
2
2
2
2
1 76 132 343
2
2
2
1 18 103 256
1 161 239 598
1 187 262 253
1 41 204 749
1 156 260 218
2
2
1 178 211 328
1 33 174 658
1 156 225 208
2
2
1 4 198 416
2
2
1 150 195 203
1 126 145 13
1 22 189 835
1 234 259 340
2
2
1 233 266 252
1 75 221 376
2
2
2
2
2
2
1 172 208 83
1 20 136 908
1 193 198 639
1 100 230 515
2
2
1 181 264 754
2
1 262 266 73
2
1 63 264 450
2
1 242 261 275
1 109 226 596
1 52 55 222
2
1 214 250 824
2
2
2
2
1 95 107 872
2
1 126 173 428
2
1 31 124 30
2
2
2
2
2
2
1 143 204 782
1 93 165 681
2
2

