3333
54356029 601
10099208 484
93867380 396
25565544 629
46376672 126
81524500 784
17574099 515
31827309 611
2829773 313
66479913 122
43139323 482
78494623 312
44049022 349
91335329 659
21518672 224
42735422 497
53747174 363
87495879 742
5557494 78
49306080 496
40714853 269
101951049 443
18988451 394
63045609 594
15149142 445
80111541 340
1513336 84
71631400 599
58199963 275
99120508 441
75671900 629
78900111 310
82842528 795
16160235 550
13632595 87
11813536 586
10300528 626
40008395 263
50618967 562
96492323 117
45669773 319
82741862 381
37585412 686
100335101 52
29907287 642
72844466 455
20810625 661
35866332 219
36372732 201
95180893 256
25463916 264
81626933 564
32435168 596
29805036 212
67799377 553
37583923 515
80513811 523
70017873 460
101748523 621
47184497 326
71631251 263
77789878 736
63856089 306
107906915 337
98915958 261
60723778 114
89212904 523
85472456 400
86385394 461
19696324 332
14238782 494
100939249 440
61831325 406
82233041 408
52438242 350
64360754 484
97200462 108
78898723 326
2729247 324
90125549 394
13733005 687
59110464 513
58908564 161
32333776 52
31724686 551
26069994 33
87394490 472
403199 86
74662777 156
12519357 392
85472334 199
63351637 403
23744492 353
81119301 286
44759836 389
11208269 105
11107447 402
42126434 469
81524474 344
77284577 188
62941733 819
77688075 577
24857989 647
89821834 721
32030705 392
39703889 489
75672685 182
4548722 108
101445091 403
43847221 488
55470299 559
15452654 216
64866374 52
39704811 242
56079187 559
8178248 403
106090637 163
4649194 408
72540439 532
94876323 73
39500950 393
79000749 244
704676 7
102857782 223
40410221 394
105080786 69
13429388 870
84664477 96
49103191 494
96089032 299
69210501 272
29906530 532
18787225 246
57593375 533
63856775 252
103966801 510
74359800 628
107402046 449
71935084 324
77487082 300
17068364 392
49205106 142
106291277 562
60420621 485
34048683 420
21416548 152
27681331 610
47894475 429
105285069 571
1814750 310
3432894 267
55773688 443
68202929 649
42734280 349
45771486 287
96794370 443
76479767 317
9087636 637
80514457 373
5759060 349
23442292 617
76580209 552
42125642 595
1009120 500
4951270 165
805045 625
74056336 568
59312075 534
30512922 424
31726223 413
100838227 158
84160980 451
101647106 358
74460969 759
82131950 561
92653743 340
34654721 405
87091136 389
59513931 522
93764827 383
34857410 192
21517647 600
43846285 872
91843180 358
31725412 639
27479911 556
72439203 522
1915812 343
41923153 257
33746852 591
91540496 593
67696666 626
50416743 203
21721444 372
20404733 273
105182353 194
8278892 352
105181262 793
51327558 355
74258513 534
11005904 543
56785121 552
84463231 529
62941071 644
87597461 660
46579551 494
4142105 562
71128747 419
71026179 508
59818223 319
3433275 561
28290627 596
28085799 438
9795258 259
13227543 522
54153790 588
88807759 499
64865690 539
29198862 518
20100377 621
95785989 693
33141531 733
63047447 439
50922955 266
25161653 176
23846351 300
56786014 94
49508346 458
22834230 599
103361029 246
44861627 520
37787649 353
92349115 240
95685190 426
5151848 180
42733546 498
91233578 273
104576012 593
4547988 78
9795460 318
24756081 597
42732408 629
76580459 503
60320297 237
79907456 646
83449810 367
96592600 407
75874816 191
20101657 430
88103302 120
83551665 377
48197479 529
46074095 333
58503988 595
27178121 498
50920879 755
15350611 221
76277420 589
57290618 363
83349550 155
81929331 307
79605256 350
50719574 184
3940399 931
48801815 158
21416051 374
97501769 452
80716780 423
15249852 317
73549740 272
44152136 425
92248582 203
86083010 559
23137691 438
90932032 348
56483072 335
67695951 509
27782346 516
101041881 574
54660568 425
103664151 221
51429438 272
63046891 382
65574307 355
74157720 447
102755740 356
57998869 411
6968036 198
43138988 402
42431241 233
105788781 533
33444263 765
57290070 594
56483007 231
37482764 333
29701676 307
79403826 561
45469251 43
35663914 329
45368530 427
86488442 388
79302056 177
85371638 415
23745443 21
87902518 185
27580743 48
94774783 473
45066699 174
104373767 673
99323322 859
92450842 492
42330520 334
42124996 345
22731404 352
31422072 612
43344093 103
33948266 248
59515029 382
67696357 510
3736523 511
107603252 254
80009324 597
64462229 384
96592757 468
8581971 292
9085666 549
62738671 360
9897421 355
39603185 546
20406753 308
23035774 820
46680729 570
83249067 368
63045409 290
23846595 519
28895762 398
13328276 558
73550768 371
40611883 239
76782144 78
61831700 276
32637128 851
93867594 510
75976081 29
44965263 459
87599731 395
29703985 540
67899999 177
22227994 409
92248916 57
43846920 434
47286063 175
66682191 300
106795861 383
88203627 401
84864998 189
24048556 634
57897766 317
83856810 562
86387627 499
46275717 604
28694404 373
26976993 651
89009510 476
38492473 266
75065163 556
81525986 582
62839559 311
99525213 487
68203867 305
25262276 235
75773342 923
105282760 379
85980391 532
44049620 178
37584861 390
13430269 560
87293119 199
66884881 530
32132765 366
36676330 465
51327591 712
44253761 364
2628777 400
91439346 742
14945726 519
19494431 136
107200464 461
13021527 480
7170192 450
36472948 375
43645116 135
44149895 244
24655742 87
42229079 640
89519355 500
17371228 535
63044800 443
65473731 364
102152376 269
18280775 494
94775663 447
89314637 155
105487261 459
70723274 695
49104250 444
108109082 404
7574047 193
82437501 288
23341239 382
92551542 416
22732405 612
98408610 655
8782531 202
28996767 676
31623583 500
79402904 691
103966697 347
93158400 307
85168600 565
58099542 70
98712862 389
15350421 286
80716895 436
83652864 215
69917368 295
51225775 553
21619686 564
94572856 234
13429156 554
87597840 570
7171574 373
35460988 328
17270279 113
20607794 342
28290200 505
44253412 139
66681345 435
8279060 490
46579271 457
55266554 15
81727634 503
98004510 396
57189177 387
52941689 110
3131723 537
39298679 531
71330011 208
83959420 358
63149058 633
3535575 639
54659007 277
98306960 429
76479989 136
12014860 297
89923520 453
34252051 917
44964380 595
1916547 432
6464219 363
42734655 728
83858180 443
8380386 206
87598152 653
63047204 349
98814640 426
75773044 565
44863696 337
13226605 636
21518383 373
73551284 349
4548203 579
13632563 41
14946211 303
18785431 451
26977412 360
92146391 420
42733081 580
53244753 346
77790291 754
19192636 320
61934152 118
107301387 358
6464536 437
92046003 187
41319077 284
56785445 568
5454872 290
25362846 64
85270766 358
1411370 613
51731721 416
53747485 406
43242912 585
25968921 391
83856064 607
66077672 458
97401515 76
13023334 334
86082436 826
108007477 379
106997577 77
45871983 144
65473599 244
91334199 479
26472844 566
9085993 508
61427645 358
49306787 523
76076440 108
87394698 630
99323882 368
14340011 736
98916292 722
99829166 522
47184788 316
51933269 268
10098526 566
93764269 379
100233478 758
105284419 529
75875264 420
56077481 431
25060864 471
49205215 378
90527802 2
50314653 280
31827698 319
10199712 157
80010155 575
39602240 300
71934125 574
55773854 894
33948286 392
103562925 345
28289129 687
37888278 166
49509342 592
98307268 426
302151 488
70925251 363
100939420 442
22024206 488
71934387 644
98005135 451
35359858 269
39096342 180
31829949 400
105487013 563
43038495 393
6061522 114
9998345 55
89110797 443
101040761 381
15553815 479
67086784 353
20911735 200
85776305 266
63350564 447
57290912 433
100335139 617
65369738 299
82132303 490
12115764 587
81424086 238
74057216 230
53951153 294
29805752 539
2222677 508
66885321 534
72844411 382
30512330 535
29198385 728
93766574 508
99626094 202
19999223 294
24353878 561
67593977 765
82539222 226
48700856 606
11813798 326
92855242 375
39601754 378
53848939 710
99322654 456
16867404 360
89009200 638
1714605 81
40410296 525
59817856 307
63044285 470
50820226 311
5758682 343
23036366 385
56785089 229
65472174 120
74157924 256
17775310 354
91439834 438
78898393 194
51630645 558
33747350 453
19594741 425
66077891 684
15352070 285
46579998 95
20708907 539
32738384 324
3941049 527
66884287 287
95281431 160
4243365 629
57998289 579
88908591 349
48196812 367
85878103 891
35966828 399
87294144 187
23138768 197
85573392 524
89821291 266
51023694 468
104778571 318
82437989 502
101546287 324
35159100 250
53951711 573
107603310 502
95988542 32
16867090 622
36169038 370
65369958 611
11409558 630
63351487 206
45670295 651
18079008 508
103058953 260
53950598 793
78293857 404
9087956 570
25565266 600
44151856 582
50416897 300
12015266 239
35765357 236
76076428 54
33645729 237
69210770 175
16463332 614
73247618 319
55165538 500
100537122 171
86588878 268
90226137 149
15856957 427
56078130 942
503585 406
43138897 158
75672378 389
43444334 16
4344760 605
44557299 362
89213563 505
21720849 290
40209813 27
9897242 225
89315012 681
22126703 708
38693649 36
83551445 466
30714868 344
35058452 444
6162032 621
25362688 114
19192778 598
78394411 53
103968639 443
93766096 739
27984513 363
25867911 150
73046308 32
58606217 714
24857453 824
31726017 198
99726726 171
73046300 15
91032933 385
14339683 443
13835638 119
34755419 453
57694425 126
7068940 240
7372551 296
104370419 623
55366895 145
7170073 377
54355721 301
35561744 293
58605016 244
41217382 373
18988983 305
31119571 347
86789789 372
94572578 255
15553445 269
48096680 108
23137800 514
100536973 314
81526409 386
22630273 238
83754699 320
96290399 632
106795974 704
41116669 133
98917040 564
87597390 175
63351801 495
85270352 735
58504369 276
71934812 353
28593886 61
67288938 227
15148946 224
7069498 109
71833251 531
99019435 398
72641326 480
78193453 204
39807027 283
57593189 157
105181848 590
69412095 491
1109951 76
64158113 463
83552520 176
98815254 457
27985192 193
57998695 285
47894935 414
47592447 266
71430243 268
93562902 241
54153142 520
105386406 156
69513454 577
21620032 436
106392126 415
29702761 536
41217949 601
28287663 365
11510539 305
108008109 496
25161703 440
19898315 563
13431042 695
4243755 427
13735225 185
66885983 411
28997313 438
9189333 363
24150044 479
63653226 542
82234192 539
94876356 593
28492345 813
38794029 419
85067775 629
74963705 290
82943815 302
14946778 553
5352836 315
36574709 587
63250035 69
71127586 756
34150884 353
66178627 319
106291173 344
11813106 467
21823020 439
11409882 318
82438350 556
67187712 392
57593284 367
97803478 302
44354418 316
69008331 550
79201357 444
12216488 332
6263147 64
39704545 274
84262529 74
86284808 324
55571621 571
41519826 514
5151996 185
15755837 507
51529994 348
104779090 513
73551588 254
26473224 266
89315871 449
63653911 803
21620466 162
14036545 484
82030557 529
30815338 345
84564165 299
79706110 345
73348496 57
49103373 630
105789103 384
33746190 347
41621211 254
95887323 350
4850673 525
102554739 301
98712739 328
76580801 422
65168324 290
19797727 249
54659550 399
77688913 275
31018502 509
58605491 602
80312698 334
92653308 338
18784360 541
69008131 166
60924149 189
11914238 367
72540711 404
25969645 193
75066161 398
94773745 444
82843134 477
16866105 674
44964267 234
4345170 528
45872380 515
97904326 152
9593916 361
106493611 37
41218601 434
24250584 562
66379429 228
28287779 840
2427303 284
8884732 439
12318093 142
7473631 224
25362758 94
77791055 336
92449537 285
46477396 329
94271699 63
3940094 626
78092983 229
108109270 549
56280236 379
104373362 642
94773463 516
14441035 300
31120125 368
88404861 456
27379180 267
63045029 487
107603606 591
24353055 522
70721887 524
21923657 263
106493059 565
25060315 281
55467992 583
54863582 169
78595431 561
2118538 652
69210817 289
41016118 192
72743647 413
96998696 458
6061606 90
99424514 75
26270619 476
30512570 564
89316200 451
5454455 431
14642515 557
83753813 425
81524972 816
50517759 645
90125277 597
15754984 295
81322435 422
74863456 169
99019652 358
59009936 352
18784281 317
93462290 225
58402057 437
49911552 210
50213768 601
29702490 559
44759067 196
14037874 321
92653563 227
99019838 400
55976918 381
24857184 37
102454160 250
103865044 476
49508771 294
5960407 213
22126265 598
46681889 336
19797872 139
64463826 166
38189281 110
1512883 361
95785696 511
99120455 240
14844105 481
102755575 176
14844027 184
12217363 372
14642960 563
76882376 280
82436820 519
91335878 579
30309898 312
31220770 354
33141508 283
52740453 614
27882882 459
39907531 637
77688048 325
42734567 281
9896276 331
79403373 652
75064368 660
53849374 294
21416383 166
104575731 159
90427391 197
104374238 589
65067061 473
1412068 441
32535872 57
9291726 545
34856631 546
51124954 492
2220319 323
36979605 316
43847997 356
95684408 598
29299837 517
13734722 509
42127089 680
19595344 583
34856083 421
93764552 322
54963898 82
89212395 797
14239007 503
4041858 220
15553455 611
47492103 203
13022393 376
95887981 466
54558357 364
22127094 739
21114190 125
44658148 435
83046238 229
31119651 523
6161746 404
79908275 568
21012966 324
92450155 546
23744621 526
57694169 282
26170205 57
50011969 272
71127354 72
91540342 419
99827172 219
83147174 356
55774430 422
59616113 572
19697560 41
75369045 527
85981345 446
68606846 2
39601601 261
13124469 188
16968020 15
104575338 364
100335431 441
57795694 204
9493686 51
72539792 337
53952170 394
105688461 284
18888075 317
76176759 230
75570582 404
82030257 601
93158914 134
74359653 376
42735942 106
24251973 501
94069515 50
81322730 656
70018051 713
14642096 730
39298256 424
77891698 402
41217501 590
14641985 353
89518681 549
14036825 466
21417010 248
34654339 273
51732040 388
73448693 339
47592588 298
79907320 171
9392520 173
72438895 285
82335707 392
49307359 423
3433623 504
27278926 57
95079722 240
30410669 402
52134410 39
35664108 211
51327099 179
65977114 237
53244004 544
39096069 424
15351490 825
55165346 324
20100744 655
83653261 336
12216610 560
57189533 284
35460317 487
72136693 783
101445322 567
49710757 145
47793728 246
39196749 76
40108788 266
39602476 538
2527947 578
51024486 307
28086224 85
21012567 402
51530314 65
36677160 566
88404475 130
57189615 317
51328803 482
59413506 393
64462991 524
105688269 227
66681932 324
40713992 541
83858569 349
37282271 157
56887399 437
32838868 293
103967919 631
81120646 284
55467392 562
68305071 319
73448927 195
52337386 389
2118921 675
39300020 463
93663501 190
64462749 503
28085574 330
103967268 540
5352743 370
32131594 537
27983880 753
56077672 781
36270820 574
29906756 810
91233727 229
93159607 386
85775657 398
102755964 604
36575374 617
55876281 178
60522174 320
89417842 301
27984854 463
44862423 579
39298879 819
10904839 561
87293828 371
28391791 115
82944429 593
103260372 72
103764622 17
27681286 366
29702290 436
83046463 217
38190257 356
45167015 500
18887785 567
60420854 799
25566043 325
2017467 359
47487619 585
78798043 175
29601148 263
78595937 573
20203279 554
4346823 415
98916797 550
53950232 675
82437763 469
100940031 204
23845629 216
91944160 223
73146624 402
93765419 445
61628793 246
42733772 740
67593501 252
63350559 138
57796339 576
18077125 547
88002884 164
20404877 379
90829125 626
107402295 267
18381787 701
81221451 545
31623842 551
7069146 386
47693139 440
36473105 518
56886398 728
104577174 153
105282958 501
35967413 98
18786518 467
96895731 548
21721086 517
89110010 553
45569583 20
16362595 67
91641171 248
7775993 312
2224932 338
98916010 539
104371899 713
102958244 214
102353794 49
103866029 436
69715346 451
44454906 264
9594242 115
39805384 155
78899759 543
21517991 425
26472431 597
79806773 157
92146715 476
34150573 480
88606086 514
95281716 590
29400416 197
74460836 331
20406250 618
44862707 809
90931581 768
906163 147
86990943 178
57492805 178
101951789 38
61224823 419
13936084 156
104575878 175
100436368 371
26371820 172
96391844 304
54456660 295
53244998 207
5456302 703
85675447 158
59009173 622
25463551 350
91336692 270
93461732 505
22429056 375
31321372 449
4346250 347
43243252 618
89519255 167
22024977 468
10603078 280
65067548 447
103968414 321
83248290 360
55976723 391
36474042 356
98005460 199
47895964 208
49509054 147
98917365 372
89316326 490
24555072 437
22328783 172
1411670 662
97904103 360
26574008 366
27883036 510
57897192 552
8581854 285
85775620 211
96693467 632
34151156 162
43242578 505
61832597 429
3534957 940
82234487 412
46376747 180
2326112 251
62035275 602
85879278 506
19394131 264
93764178 365
32030842 365
70925385 490
82740788 627
101040985 574
58400961 446
22733625 340
47894284 254
80918168 400
8178246 123
300829 493
21519189 197
95078982 559
96998193 473
82335988 391
76277227 486
92247726 560
13734042 387
26875825 259
9085663 147
18583960 170
23035674 425
44152572 529
72945585 638
57291419 374
101648063 85
18382835 318
30713955 776
87293270 352
20811042 416
71632198 287
73753994 577
92247529 507
82842350 507
13021831 459
16866472 924
41116368 358
52033825 336
16765145 375
1008728 663
80312615 402
18786041 416
13225384 500
3938581 615
21619653 288
63654439 553
70722445 478
65674973 485
105283353 618
28996697 382
31826841 200
19696867 577
66580413 455
34554007 303
61832005 381
107905042 587
91438203 678
72439063 435
25867992 398
19594923 578
87092056 246
31321169 174
98106088 315
2017513 459
5252477 177
5959832 385
87091775 348
96290774 778
43745533 500
15958085 289
13224959 535
90930408 575
66580116 307
69008138 518
43243787 230
44860541 445
44150737 573
34856372 535
23137211 502
86083391 440
15048754 140
5961022 227
56785835 212
76277859 398
93562626 456
60622906 417
56886967 761
54457657 508
3737317 632
95281455 214
93461993 484
107099200 569
55165805 381
3534861 416
50920700 425
67086702 113
22733045 662
37583406 841
47895149 756
104879908 305
19696572 569
99018996 509
9292243 195
58199793 225
42531596 69
18483286 187
41419433 137
7574567 333
75268502 417
15957739 458
101444810 312
59918743 359
56078768 528
89518438 382
93361436 110
106694591 415
2118142 724
70621012 304
2325370 523
35866008 368
107906119 479
5657805 423
34049253 322
81626838 412
36168992 113
24858480 363
95887408 818
23846812 480
49205556 272
8381092 423
62941525 539
26573684 635
49407811 129
62538027 311
32839702 288
99828239 629
40815398 176
82741661 384
86285013 301
9088674 279
23643946 264
104677634 559
18988866 134
31827222 400
54255037 372
107905909 418
69917115 455
89110265 766
55166147 297
20406011 512
13023634 149
36878601 576
49610489 53
102253383 235
34049570 564
22630701 429
21214381 327
91335159 498
98814912 646
6766746 267
68101350 174
18785821 355
85573141 327
20203080 453
30008350 308
24049045 362
8481664 175
98004626 691
302336 519
22429290 302
4851016 245
51023914 823
61832865 628
77892370 394
82233767 574
105587967 301
103360780 259
25463675 255
49509192 258
30512031 359
83652897 695
64259908 303
105889706 111
24755841 454
36272180 95
91336207 692
103461776 649
65472838 447
58605921 580
100334799 308
6363230 107
28895542 264
48902500 189
8077974 265
63957252 85
100737935 109
67799016 647
49104437 501
46882892 76
100132035 585
17371901 520
73652251 368
44150420 552
65776197 374
98713497 421
11006389 481
68506248 439
43241533 453
1814949 295
64057423 269
14743780 226
74258843 499
31829587 540
105181099 464
59919063 93
72945142 751
69512890 387
20304151 392
5960531 405
51226641 280
76681252 311
58401697 493
3131947 452
63043882 454
92957354 451
99221705 502
10501607 136
2221498 560
82030092 210
16160596 282
9291302 694
907543 304
60622662 425
52538767 602
91843859 290
66883475 596
37584689 273
38492175 487
18684154 13
48701415 228
42023884 685
61225434 413
47488521 601
4344503 397
3432914 590
79302118 364
3636242 181
57694785 589
70724351 345
29703326 378
72641955 270
71026474 528
2222038 522
80715249 580
17976570 73
90930843 456
95684032 485
20507266 174
23845671 526
69615039 206
87801917 394
83856599 423
83552214 438
60219711 301
12217676 107
52437818 316
96896613 700
64360444 586
104270248 155
101546730 120
64461818 456
50517409 546
31724918 806
29500796 176
26775231 68
55467722 593
44759421 657
20507424 83
97199969 515
70723998 648
66885561 510
13123892 431
88405390 136
76278184 587
100637485 323
62840420 259
52034018 149
15755016 495
48398722 279
1007848 496
2930716 377
99726449 294
1311115 187
89214011 473
89619866 543
34353236 159
101850258 502
46478457 396
75064167 456
81727503 445
22529918 200
27480168 304
44555925 465
71128115 319
15856503 350
75064913 297
79907803 726
83855378 468
42228018 323
64463683 262
73551028 309
88606719 287
98407898 541
64865429 449
56684508 272
36068061 356
19089523 135
93158528 407
35664614 659
38794557 332
96897100 773
17169357 597
5657923 584
98611300 283
95482962 126
74258484 201
21012197 248
72338262 364
45368231 471
85574731 556
44964782 765
64361065 190
56584003 326
9290736 129
4142436 277
70925082 256
88606416 374
22935135 188
31827930 431
77789337 348
36473820 398
15957509 387
66581121 191
13226371 436
29805220 427
83754029 551
10703958 441
10804732 30
69614285 225
42228040 713
65473417 201
2325654 521
9190129 284
46477480 645
77891541 359
28794972 323
90628126 96
71026802 350
97199929 342
17372323 255
82131333 591
61124549 125
2220936 845
42024239 415
101143526 146
72135882 449
28391820 191
67492862 522
50315650 643
2222966 577
91439014 522
69008874 338
45066452 268
7574840 445
64664613 120
60924097 139
79402585 619
19190648 314
1613988 394
91437910 499
36372600 190
105284787 470
16159280 662
13226918 499
99829901 448
72035602 212
99931086 82
22935195 206
34252653 328
11611333 521
104779348 385
17473295 398
11612187 589
53042788 210
36170053 393
34048957 431
92856178 808
57998266 305
24352740 558
83449941 588
20810213 523
20101950 413
50112999 558
2930939 254
82539461 475
50921399 609
91032651 109
7675707 188
89822868 302
104778647 361
91641242 541
17372561 328
13124166 354
37585193 532
101243893 341
16160897 448
87801416 698
7170517 335
90728478 207
106795607 276
65370985 813
15554139 476
53546354 304
503446 396
906175 668
38291535 321
43544675 279
64158882 526
23442721 479
92449663 566
45267816 272
34251928 408
36271809 366
33343307 575
92957632 249
86184208 585
5960095 364
83146761 387
30109244 266
45973925 72
50922316 575
62942766 175
27379374 211
23442036 451
85981589 282
44860734 529
39805467 453
73549856 439
22228149 425
72237968 1
46478151 584
96896009 599
79806667 139
62237231 330
66580616 467
65776022 270
82945485 315
2119498 501
104576781 524
3031511 142
35665037 273
94170406 609
36576178 132
9088418 216
63755217 507
32131504 239
88908317 131
42732884 429
59818047 450
73247668 601
99322591 218
33342636 347
7171411 289
58908573 475
12619895 292
99524881 665
83450307 569
87599952 349
73753840 485
91334417 736
8782698 344
13733853 229
20405676 376
46680249 360
94877921 553
50314690 782
18078610 588
54254880 277
44863324 556
86689338 180
67187507 316
76278495 325
102152451 547
42431161 100
55469877 344
55572390 305
85980100 529
85878727 631
3838254 145
90024430 419
64461513 471
80513482 629
57795986 301
40713011 429
63043123 565
2118090 277
6162731 360
22429475 235
89211508 90
84965364 319
14037493 633
28694118 400
15755357 647
91437444 752
33142019 331
38995203 486
9897714 331
22025139 619
77487330 72
2220365 458
35967244 263
81828452 710
99625966 280
73652606 135
37988544 150
21518809 515
4447377 493
39297093 517
31930453 166
68907722 231
7876395 223
604277 110
89720968 48
22731680 453
805415 426
43847518 506
64259782 302
18179685 260
20708387 392
58807769 519
1613540 161
61326732 271
43242228 401
29907820 243
71329796 406
71026065 384
31523003 329
36778059 130
56180044 66
22024405 674
98711826 231
102857016 520
33342750 805
69210060 292
98409404 159
26875458 128
37181646 493
47387118 180
80514257 244
89211666 436
40713304 567
62035641 478
2427006 487
57392043 600
32434830 669
43240678 443
46478034 123
20810117 284
106694833 525
53143179 127
34049871 527
95684807 527
75773940 615
21823246 241
16865982 188
43745348 497
46680527 455
64463333 369
47895671 475
79806839 423
59110697 610
95786714 330
5859627 145
44556378 599
4346325 720
20405051 322
92248241 365
94572643 248
62738814 571
58400792 277
93058043 149
23745123 335
24048275 454
85472689 376
99221347 605
47488891 753
3434023 347
15452807 426
55875911 521
53748093 397
36574991 709
98713107 255
56381839 388
35865708 416
63048248 278
80413073 266
10502312 459
84161988 447
21013052 496
20708637 575
6665852 210
86387334 486
13429966 349
24250835 881
49103947 448
105283724 486
40712715 391
2223319 507
53345390 264
23239203 355
67492410 716
101748169 175
38793718 390
19999427 318
50719594 257
58503389 580
81929362 568
67492084 646
32637704 429
14945138 888
96999043 194
105285502 470
28290898 734
40511111 322
89519742 123
67695286 486
98407746 376
99829571 484
49811042 219
41721666 143
77386540 411
92856733 518
26270488 264
9087238 425
42330291 493
50618716 561
59717374 386
100233918 603
5051463 291
90326604 332
47487941 659
82943908 682
28289887 456
9895985 592
97099398 276
107502754 204
45670812 519
82436647 234
65776357 527
27580974 188
59211728 58
47693048 291
23340589 579
2426586 434
59515711 84
41822568 263
25969101 568
79908751 213
43948601 320
9897973 369
61629372 556
106190810 76
3332558 286
94171132 410
11107593 497
28492912 444
2223639 600
33847989 206
34856934 554
21315030 441
82438770 385
68304741 383
5960841 312
13430648 596
70723866 412
68101747 782
9189925 305
39299448 628
46174694 392
89211855 774
93158980 551
55366900 227
90427171 274
4749884 251
9088894 312
8985457 27
44149926 741
63148856 483
100132899 333
101647837 272
51328341 707
72742585 802
6565624 227
17169176 254
58605243 363
73955666 300
20607827 544
93260207 324
8783110 295
97401183 375
25564718 283
1915355 413
79605457 247
88002954 167
57694463 390
42125113 546
45671262 178
104371512 681
50112508 721
43038236 204
47285352 435
31017937 824
65675274 457
40511213 495
47490971 401
80716070 596
77083316 405
77285569 321
75268203 206
804817 559
103159287 356
85269475 193
107199954 225
73651959 546
13733400 503
80011149 253
96998507 265
63351177 422
28997802 150
52539226 244
64057610 224
103462324 173
32636826 608
14946475 584
73146939 393
29704391 249
32940183 126
54154180 378
52335778 418
5455985 614
106593987 295
85980911 336
62839642 464
9086829 626
2930391 209
101647689 157
27178358 402
8885095 213
107098035 624
11308962 313
80010445 472
77386276 350
68405527 266
81929660 423
27379458 399
75066880 441
49610229 279
19191049 674
65269039 380
31826866 327
70722754 344
70119272 46
54762567 751
37583270 361
30513147 219
80111861 50
67086938 488
73549245 391
13226205 285
1915869 569
79101123 170
82437130 609
87598725 581
95583346 154
4649129 311
70520317 454
75671845 295
67389465 272
24959351 570
54457514 334
67695593 655
97602904 216
104069684 196
14947795 451
15958310 121
74562049 80
77790768 411
18077438 618
38291078 197
19898632 266
11510731 355
62136328 504
69614382 650
61427593 302
57795794 215
99827927 595
46376808 525
101041730 300
55571185 205
84161202 677
100939737 490
68101078 273
27580748 269
60019161 121
42836755 314
104372894 385
50518253 247
67389888 863
29299647 401
67288719 438
98711891 571
13734333 626
38492975 499
8883691 231
7976809 577
60119489 174
2830018 164
37181356 551
42125910 401
38492707 252
12418240 456
93765595 664
24252215 460
86386806 541
107804524 402
65473174 277
95080179 392
103864906 324
98711623 218
86589124 197
108109555 520
69715537 428
65574564 268
87292884 296
3938903 520
85371414 358
47489870 692
92044796 273
22834517 358
42735768 212
83147296 494
57694016 228
52941796 595
19089853 550
54863608 253
24858703 416
67697070 406
61024426 92
99930586 236
85876816 405
13431535 470
81018612 279
12519171 248
69513081 688
31119245 384
15351165 600
36979448 296
83046008 265
69210374 274
72540985 316
81221750 535
32838990 609
94169724 361
18381638 468
45872066 436
90828963 490
92248665 268
41218331 490
46681609 414
68707332 99
21012311 549
16664731 384
55064395 495
76379280 324
39300406 78
37382437 31
44151566 513
18077811 525
85065788 290
62034724 658
23947921 26
1916327 397
80010812 537
74056584 640
19293651 82
38190486 370
4850464 418
62638496 88
24454858 79
107098521 621
8682303 32
39297855 554
61224961 609
85877438 555
15452950 312
28085425 243
89213241 509
80717220 231
12720506 146
94877685 485
67390861 507
48197239 436
54763074 322
106492761 524
101243830 128
80009656 714
58606618 454
87599452 458
90930076 580
65371506 505
26371654 288
29198380 334
82945117 537
72136113 389
1210150 459
19393898 197
30511777 442
86386474 602
73955842 323
74662525 324
27178019 105
104475232 26
79201316 103
31220561 187
71631765 663
92044528 368
98713818 495
69311152 452
13227256 491
62337583 34
16462853 212
31220569 365
67187448 61
52235079 611
17372801 117
64159276 211
11006714 458
48902062 352
36878394 417
48499213 456
67390424 729
87902490 122
93159332 542
57088709 63
59514194 552
92552663 305
24049296 196
106897099 145
301709 505
40915645 286
78899374 179
80009164 362
94877519 173
64966701 80
18076838 453
35663116 529
21722472 225
86385885 434
46074239 246
18280729 223
101143593 222
11510292 379
54659188 580
98509870 446
30109004 260
69917618 168
35460604 416
42329896 557
100076 53
38492878 384
95080315 327
88908407 206
29703065 459
7574154 197
40714510 369
62942392 492
4447683 231
63452686 77
101748280 570
19193203 216
42126726 608
96693310 470
76378922 560
5457284 117
50112387 377
96794698 251
35561889 172
2220801 398
26976870 428
39601991 295
52942092 493
41721890 461
2628758 228
98713302 408
103967616 523
23543335 321
44861268 461
804695 158
55469254 656
82335281 629
106695091 480
79201625 282
16161595 355
94372086 44
16158894 590
85269493 528
91437118 564
26270884 464
57391850 482
26875544 531
73855218 313
60622536 208
2119917 132
88404560 616
52234766 596
62136156 426
63755613 409
67594456 400
60823940 50
16161217 610
82539643 492
83146878 336
55064680 339
24555331 290
5758633 210
37181135 454
29098201 158
63149380 430
61528142 350
84160414 236
30008657 180
9896913 480
89214271 222
26674664 411
70319915 106
106392232 473
37786815 390
48298217 246
21114011 273
103865716 518
28694732 194
67187850 588
42937709 268
38593504 97
2829770 98
59515408 371
67695100 327
24149499 334
81119718 695
64158368 835
88505740 93
80715059 348
91438604 550
39806671 551
98712262 492
20709527 524
56281029 563
54558481 394
42126267 409
14944867 604
23239248 902
14541506 387
75268310 368
53949812 468
103461536 532
50213737 334
42836940 433
28492197 470
77083550 457
29806176 254
8884368 410
9291015 476
104371332 284
72338509 241
47083874 301
43241861 532
54355809 498
41116778 334
85066349 629
76378913 194
31726079 365
60723655 139
89211521 229
20304077 269
35662377 487
20709375 355
200399 219
41520150 495
32636087 458
23136961 406
1613544 518
87395278 100
52740141 598
32131980 597
55773553 219
42736284 293
100031410 296
69311287 547
96896542 356
49002964 60
6465024 543
73854841 232
38995518 218
82539310 322
45368704 428
54052782 131
71229385 85
50618557 137
50922607 601
98510188 702
99018659 509
16160856 276
66580947 292
2528564 66
22125932 640
33746329 793
44759241 399
106997595 330
13023086 378
43846056 544
9089028 271
18786182 511
84160729 442
92551711 855
33443994 425
14844531 257
63045947 631
22732886 491
100938639 350
8380740 507
20100279 404
44861239 149
45973540 355
49710544 290
51429690 169
108110002 284
83147957 237
60421361 484
67798938 234
36169418 498
47286558 398
42732090 536
84764695 286
36067902 176
53243732 494
99120942 45
4243059 578
78797452 633
8782812 418
42937419 433
86789620 336
92552712 399
104373147 319
87801116 550
92450397 637
25666519 295
83552003 325
53949793 285
98510618 435
1311283 54
55468406 336
14138416 217
89620099 592
103865476 408
17270283 114
63856288 395
92552277 388
82741340 479
102052049 272
38088760 226
7272134 109
95683750 407
4345971 316
17573798 535
37787405 387
47490621 394
90931111 638
67391529 352
66884573 641
11914503 245
98408289 388
70721415 681
67697329 706
52437997 438
61831004 560
69412379 438
88304322 17
6464725 559
105486895 209
28291315 332
2224503 619
18078205 682
62437692 10
61833587 307
45066245 445
101244040 346
40612011 321
66986474 226
24251440 740
7977168 481
36676639 450
8279804 355
105989945 275
64765041 193
86386112 641
11611227 420
9392689 616
79404276 410
7372623 607
42127581 429
13226175 154
26976395 482
11712784 66
32839480 232
105182455 138
77386149 202
96088848 191
83754397 406
71631001 275
61225640 757
55470181 445
36169838 384
21416673 582
18180247 330
90728247 245
83959203 286
31017495 760
82335008 408
35058196 404
8380394 571
24959336 122
91742724 371
70420053 84
106694324 312
86081987 753
3939394 592
92044911 505
63047930 359
87700728 170
89821477 646
62537949 246
97703233 211
23138437 513
52538609 418
101647239 551
81323062 513
94472348 20
102152930 390
108007551 824
38895012 1
19898016 455
9086421 492
39907849 364
95079929 320
69009079 436
1916908 376
21315268 484
78596274 360
30714545 604
90828935 125
70520145 366
18483397 303
22630388 476
78900390 174
107905343 682
83450846 321
102655044 172
57291112 462
17371758 396
89821172 154
88807498 506
47286162 512
91641490 503
41520780 297
71128401 503
46175014 292
66883135 665
6967950 170
19192008 648
89317298 315
30411424 259
50315174 643
59412924 256
2930396 333
19191484 833
2222328 606
7575062 522
25060392 755
32233438 156
56382432 313
10401194 211
28288880 147
33444742 362
63653509 615
52539465 122
4242968 169
69109547 128
19697441 122
85067180 920
95583230 245
49508039 407
53546282 326
13225614 569
30310177 85
42631825 128
54762213 662
53848745 515
77587670 282
87293355 766
18079297 234
30410356 347
64966687 48
89923278 445
36271864 387
32434198 862
46579103 268
7876376 50
18784641 581
91334904 414
15048566 287
48197109 154
28186404 354
19089563 569
50316054 391
97502474 218
7068916 86
68202904 271
85980066 148
42735089 411
63043453 642
23847368 320
86183947 554
85066011 592
37585975 267
3434149 431
99020216 151
68707002 362
55773265 377
69614807 376
12216882 697
91742455 472
71833558 330
10300089 184
72742504 373
44555256 407
9189535 493
93260820 443
66681662 474
6363502 375
94774125 551
47490261 460
39500940 131
82640300 116
21519376 238
65876911 90
39602835 641
15654807 45
103159444 319
53848620 239
43038417 246
83248443 330
55571237 586
72539837 613
19999627 344
16765388 282
18381417 313
61833167 458
98714133 209
82740438 599
34755601 477
100938916 352
100838274 351
66782560 77
62739154 286
29704538 304
38190638 381
54863822 42
28288297 591
52336204 617
46983299 255
65067293 438
63654952 200
80918409 183
68100524 329
63957169 84
5454283 313
37080492 435
13532333 190
907168 443
45973629 367
64462571 416
18180129 161
71933913 453
101446147 127
64866166 218
6766426 331
95787134 183
74360183 376
104980378 103
37586129 286
6968272 522
53445798 281
83855774 188
84060033 180
99322918 702
99017776 432
51832753 202
60119397 189
54255166 345
96289730 496
48700691 432
96693823 330
91133412 120
57796121 538
58300417 100
86890483 202
101042156 556
6665952 407
2224144 684
82233134 735
97501994 642
39296962 323
54661094 443
68807600 74
85775845 682
45872571 619
74056290 230
28895827 614
69816981 114
107804741 224
59111293 68
65268854 412
53244376 484
102755362 320
96291294 318
86081880 346
85877841 575
37786930 674
59009502 660
33545260 31
7976782 183
74461500 399
35664262 557
68203492 413
68000385 61
103563493 332
25564446 415
20405369 584
28493291 336
73753435 551
37584423 340
22125850 334
55875266 400
28186614 466
92754211 431
10501810 694
43140052 437
94673283 143
47894610 441
35461181 244
87091647 285
86488355 195
53747692 728
24857197 154
57188975 409
49610070 165
42124984 50
44555251 205
103159812 258
13732723 345
65472290 381
45167302 257
6867437 361
75066431 620
33645618 220
44861984 688
34453503 7
1915454 359
64564145 220
93868087 248
96895353 424
54153363 675
46782380 280
32636240 701
101040527 146
52336546 559
26674753 452
99827459 494
105386218 245
50618674 55
34654378 475
88909074 48
45065980 393
98206602 329
85879582 348
105282602 303
74662277 462
9594322 187
14947496 536
68102259 588
99828701 576
21113771 381
78898403 364
88405248 157
55774828 110
66682355 175
56382172 477
16462733 60
101344665 28
44152480 383
45669853 715
47489410 533
42736026 278
68506000 544
94170002 716
101445666 521
78293767 231
87599112 528
52234745 54
18382698 172
45872987 310
5456697 604
90024586 459
36979881 184
28288934 502
12820811 75
92045177 752
71732674 328
24354209 329
43139686 550
84463689 170
3736730 895
7373137 372
3332518 238
40712659 310
16158855 154
107603957 249
83857355 196
74763028 304
1008146 349
31017005 663
91742165 515
69210200 222
62034448 548
10501610 459
72743072 636
78898859 561
85169084 306
33445031 82
102756352 467
58502980 408
58807459 593
95786832 361
23340508 51
63044567 342
89316675 374
87800936 276
38291173 491
48600289 133
13022127 470
17876006 471
80212204 122
14541736 248
6463908 482
65370335 356
94774487 518
30915991 220
31321179 501
100233424 186
61831899 156
31828583 757
5453173 402
76982966 211
101042539 620
75369655 279
74057408 95
56280403 562
36271413 412
59311866 512
33040859 217
15350761 723
99827205 490
39400684 12
21722062 426
89518979 366
906619 833
79504888 164
50517235 456
81525555 666
17169660 591
101040542 409
27077812 169
89923832 372
96895185 244
67698145 464
75067258 166
62940777 511
83147548 643
58503312 255
61226133 570
87495692 271
48298131 94
60924313 70
27782255 381
26471997 405
93968652 545
52639599 316
107098910 576
57695471 77
1614306 139
89314783 494
69715900 514
72136356 585
53243540 338
99221183 462
91843206 915
63957072 142
23441947 113
56079557 344
34957761 152
4345565 603
46275516 250
72945005 348
54052643 198
55672839 138
87496293 754
35662556 756
100335784 314
77789646 419
104677930 497
37080228 450
9290802 393
56583718 516
59717188 404
85573771 699
105990090 260
50113555 57
82944857 442
30209696 18
2325295 313
71127381 536
18382417 411
75874905 361
19595730 527
77892015 449
24756594 272
33746002 297
28287107 489
17674661 196
63351004 239
7170753 527
53951412 450
96290062 459
2427543 164
18785145 616
3939699 570
24959608 555
41520357 438
52841357 247
41519665 367
45873278 84
99222089 414
25666439 277
11005579 615
103159727 92
66279013 169
13224833 368
40713546 758
17068053 601
73854919 435
106593801 323
24149703 583
14947123 509
107301114 575
29805532 504
17370418 479
55469020 533
88908698 395
68100746 519
44658419 251
78797218 508
2528237 362
42023688 267
47491276 502
34553831 241
32132366 522
49205768 159
16564060 284
23340537 382
67391205 486
16765627 319
54963937 177
84463087 320
47491476 712
61730142 508
51328234 340
57695133 346
81120190 739
85981002 459
12921051 319
4548057 336
13328514 395
73549556 248
94978497 245
7171102 399
16664637 199
80716517 285
21517379 448
29601013 269
19190803 511
93968476 485
29701702 599
5455439 634
24353567 502
53646766 97
84161616 503
75167722 311
95281623 385
42329815 386
94877278 273
46174593 200
32940266 354
39704181 495
9694693 332
22127741 144
22731870 801
102857328 486
23341096 458
78696794 216
25463298 362
30613651 133
25463059 267
72743756 323
87496829 447
35967044 351
97300876 6
38189324 615
1513129 253
44253493 464
63046336 861
31016716 609
16262416 99
69716175 495
24857300 430
55064348 285
31422518 446
49509611 410
30411210 378
58401358 650
6968720 90
38794185 442
67697775 570
95079274 465
82740432 140
31829207 534
26976180 415
80614882 49
11611664 830
77688635 442
33040888 417
91944263 135
6162467 541
77284651 734
75065449 420
1210289 577
20102097 657
31827104 157
56280935 426
23138130 528
95382597 116
54457164 423
78595189 558
11308647 381
29703650 553
51327230 347
68204066 352
61832273 541
301067 513
36068360 318
81018770 268
74963781 243
30916146 383
30410906 399
38189622 784
43241365 208
58504605 141
70722208 260
61730373 519
15856788 431
92147092 328
55571978 466
12116022 453
100436344 104
1512765 135
81221164 366
105989866 92
37888334 151
62136783 186
42228482 918
8884101 460
38392141 31
67593727 494
47996234 242
51023534 211
89315369 554
70018482 509
71530689 237
23845864 692
98105945 294
84160609 314
34755131 461
88203837 452
66883924 519
83248672 607
58707180 193
52336034 318
17774986 574
75570714 849
70824780 292
103462434 238
25968543 348
52337013 476
79000962 61
75875474 346
84362633 142
79705937 451
19393972 195
37583226 77
93058004 175
104170012 67
104575499 354
49306263 593
65472350 677
59616441 459
85574170 830
51529960 92
100132337 608
9088589 141
5455042 683
21923851 292
82131770 331
51226053 678
83857671 671
54660091 790
99018245 294
47285562 568
36575856 406
107097987 260
10703657 414
101546608 176
16462891 574
14643336 418
17473081 341
75470397 165
21721791 470
23847211 448
101748926 794
72641595 532
35663572 510
26573556 254
36270707 205
5758963 388
103968856 559
55875378 698
54659935 359
35259614 240
81119394 530
75470088 333
92754330 631
59211416 313
33041288 146
73752808 353
51125161 608
106796543 417
72945921 312
77184269 113
65370681 566
63047752 462
57897481 585
25564886 448
81828903 308
30815460 321
12015113 341
99018455 211
36676830 596
63755160 155
36878970 389
83855206 480
43240876 521
59514590 683
76681640 189
12418451 437
36271173 473
16463660 320
93260263 692
77083228 125
15452583 135
31422015 264
86285262 91
18179714 440
77992782 109
58402393 396
2426462 260
75369328 546
95786412 316
48902272 291
3232479 18
62839950 498
92855811 657
50820036 279
41721710 501
48499429 687
108008417 357
101850168 291
40108804 540
302847 260
70219578 149
73550500 369
36169106 580
63553054 80
85269843 626
5453887 468
73752940 623
93763883 342
17068749 206
36473339 661
49307069 559
44151245 508
20102656 214
104374558 472
94775078 352
25766926 620
14340454 430
107906544 502
46681154 594
9896599 350
18988744 210
99930765 357
101042854 392
67188321 188
91032713 531
42837290 111
72137244 516
37686580 79
63250101 194
92855469 554
46377128 231
9392976 561
44049328 449
41923139 141
103360702 212
56988103 287
28287353 423
51630907 561
85066813 699
16058526 319
81828394 362
28997642 196
301457 409
54660980 404
89822361 554
76681466 345
107099638 227
48499789 437
7169892 213
63352095 417
75571316 302
67389674 479
6363282 410
56886162 480
16159671 811
92045618 534
104372296 615
8279277 578
44555578 478
101951201 623
18989147 316
105284005 610
87192416 247
94876679 785
13022761 537
50921715 695
104677388 404
26472274 321
61528448 255
54661432 293
94171461 128
33747701 184
83857433 566
87700412 350
20101079 676
27983802 398
93764919 539
73550290 423
63856435 505
93663471 115
96189417 251
104778903 277
107704449 5
10300125 731
3838220 54
8883911 245
30713932 347
103563235 586
40309888 321
87091214 458
64664381 256
36067650 299
38088865 351
32433941 588
89317046 351
44758792 429
18786901 501
17875739 471
11208111 243
10905145 371
39297304 840
101749473 570
1008408 576
46478841 185
85876902 641
96897629 451
107200091 703
15149313 291
81323535 367
17370683 766
101041254 531
54456918 418
58503743 527
34151278 323
12014842 126
83855870 451
77285088 524
90326391 394
104576352 550
80715572 704
25968694 366
94775305 616
46276093 426
6867160 518
85168446 311
66882844 430
61427329 278
23239839 567
66078381 198
33242432 72
69209955 230
5453500 673
11812997 358
99017896 361
80817685 216
28289673 295
88707278 62
31828324 573
70722971 574
44556685 656
68101457 479
13735324 145
61628877 767
14037282 423
10098816 686
39805678 687
98408969 534
55468700 535
7574348 416
40109150 472
39806037 765
88505785 161
78899452 554
25767226 445
15756272 188
102958425 275
70721354 236
6968198 208
94170729 517
82131202 343
59412946 774
75065817 439
86385599 461
104370728 715
20102867 23
44557410 489
16462748 132
57290016 307
36474286 187
54761950 515
16161940 208
