1000
434332454 84030
954319279 1308891
625421806 448806
638539636 1473369
951207413 413291
593427799 1092968
86753955 355284
926273274 463469
19946564 1598361
968237771 49205
151967780 1140965
400223978 306799
119697905 679927
133700677 516791
258429944 39123
731883253 813510
478763455 1183930
301558410 1637773
712822948 293718
785122060 260893
93401456 262807
145387999 482174
692885841 1318509
625864916 1022660
813304980 49204
870698236 529169
230334113 1476726
825582799 1656535
876380153 1691633
493473468 339146
583184826 1328577
175883877 533251
920974977 1012431
444160074 578020
121535037 363560
430425518 395912
859748099 1422731
742957754 1512146
1771966 1491477
969852397 440307
930103246 1052014
915293035 778514
964159255 347920
222846528 1519782
405516372 2027421
73189438 509813
570265986 1214706
375343477 359058
148198773 482288
549182257 1789113
507852137 1044975
664452610 1707477
159815611 336021
751760289 439563
250741255 468735
48010448 402385
834221165 611013
663670770 60582
900170349 1799337
119499927 960695
352120444 2178170
543343055 1876053
382235003 417095
25429799 456050
50458407 921205
215760824 247975
19201611 66882
195967950 1590962
127090275 966474
1301576 307243
399049143 913420
538571789 633735
443146491 112193
18691071 620101
373762890 1200494
706384457 32148
648365859 366826
844031285 663870
410375144 462808
64368044 1122776
545545772 728632
664061104 1676642
553933950 1143962
340980570 1160209
826528045 1466161
951635433 994488
658082405 1356165
82864824 1374860
278788544 780698
439530286 876641
40043673 714154
250179427 659440
157502768 43636
882121990 916083
579621394 225412
925094296 2180593
436510975 405779
953432945 283117
297320385 2029440
878401060 925744
500333779 843269
14861572 1058866
810646114 388912
552906987 408703
145283047 25701
313909524 728349
455967203 733490
104163596 1843742
611135986 895976
994625536 447177
376313429 318364
728638378 247454
641291379 533462
361480806 472033
14589605 216673
816260529 541198
403969834 149923
174867819 998769
254437444 3167965
232652341 1414463
192726061 430994
24210601 272117
842675624 883644
221955015 474994
48477748 395634
844204929 1907944
662838515 402624
879878112 3370
740111578 293026
525057999 975934
235512045 575329
182040974 1274917
30634442 134770
94297493 1093065
755618959 270719
101803819 849194
388375723 646704
601267875 3713484
116568750 303281
613860817 3480964
658424599 742511
87400607 47107
802234899 231821
189095843 33793
674542557 377268
956350374 119014
561322833 379363
443406822 2308296
172143206 2370115
600635659 336228
124261417 1631077
940418338 1146907
670920439 757560
33777610 339523
95855341 1326955
950128277 450952
335972326 2014438
5341956 327274
293560118 708839
535020642 2178901
628718053 2200953
838550237 256563
860786071 2134534
509461549 1134830
71333186 1218740
149933341 938598
688407285 83931
30517335 171326
647335271 540954
694267161 658927
77201681 1494322
666230744 132985
990389814 1888691
135524170 1386266
293703506 95079
752851615 2358686
684012894 404622
187885020 2013486
549646767 1039221
91834510 709094
828408961 351932
62884592 627782
393068987 1848575
412217723 474851
17980308 240115
904661176 623379
264338837 642406
304072379 1338125
592085044 534526
881858447 720921
874340992 2015433
142816080 809586
116129862 128364
528059620 1891104
516301446 426372
794818916 475342
631216913 500654
643258790 1509162
778296167 1870334
429020749 1996457
106304981 360814
193084911 504008
627416086 931865
120761928 478304
131442109 398907
938963611 540511
787290666 1396001
553263892 314051
129778050 1163744
555699229 89269
571556725 155296
743494066 1214536
194280416 524917
556957783 4072101
508250803 739996
631965864 427652
521676382 1185816
651502061 926161
28564547 977528
81362015 58239
886084875 1373792
816223284 70142
757625760 35884
80394693 1365890
49465303 274362
760099811 487143
327865557 829708
47091508 158853
207661297 1602175
89654242 1478342
813125002 971713
945950799 340568
2165429 2798667
169717979 1461848
198654413 881235
135826052 1367451
72727989 1139651
552181335 349432
871384296 404555
85137552 1241496
176366045 53478
277422653 251335
139848412 247022
310461737 1028023
137797515 11530
470215 581827
371190145 892173
159192456 624913
349325772 1784233
213878576 1129236
127309513 71133
275570885 610658
469618640 1216397
5228594 146488
26666729 247899
866799017 791494
805301757 383963
233202438 440265
738390400 321398
325255562 1053668
132064414 246838
914444282 2022022
729614674 194421
955108698 162864
756525051 1390852
841229170 9301
104989414 931864
202119710 862074
634259169 1582345
632089015 447901
66024803 110114
510914133 279615
329248966 214189
369684277 1140501
965003742 997475
110900230 1013352
659750347 1034643
892059696 1600131
47818097 236368
226916312 671564
702203648 1723491
500800585 172092
760212571 987550
31053828 2550754
257842981 279738
726772981 148726
930323588 1528357
164678635 118863
729208178 353980
59063521 294154
696444406 1464706
816929855 2686011
24915381 445857
496851075 492
386645770 419578
966237896 863233
740887561 1337642
777747470 359088
551447433 1014345
280650263 1247759
64855654 144726
700565200 1584268
285978740 2336054
81833039 2079311
848201066 701723
157589395 1086786
995470582 826115
232348104 285833
35804475 664688
947985724 1813163
997325398 1445643
631107927 816219
77002415 10609
903085383 329128
325065691 548816
709695827 420663
393206558 1070027
528205354 1264310
344235485 536295
396721813 1223340
419437643 866127
788586614 273858
864228694 521936
99662791 328999
218332313 2403917
678601690 2747527
176988517 1253386
316860850 700686
461899292 953152
497285047 314936
970555366 943204
99488974 178913
33641535 548716
720706138 1582655
456896706 414319
207475471 2448933
292147672 967492
202472128 306779
947248435 416603
167940528 1218155
296270855 28886
362896256 1934689
820966504 1033276
359276881 930347
584880993 2096298
126121 135442
768137004 1651709
498372212 1518408
960417465 1954005
415770935 235623
597660103 293556
348895095 1511493
378979543 1307109
491918312 1597738
143898287 339577
410417306 1005626
471668569 685630
283180689 4302
7689849 1061919
518601253 148016
291963566 846193
869880722 1368156
31165618 2473429
438301326 2718734
423490485 1210313
286980934 1304566
465439240 1279070
707284774 105678
390365011 1412837
583098542 80095
942757804 109017
698090296 1301200
809100528 1138293
6926714 440943
725236218 347690
605844946 3104090
561569187 282267
307396266 2652759
143965991 893602
634106743 148236
14098855 29541
911424572 854714
331787314 967988
519687425 1506512
86151129 266775
79659124 602475
683798221 351719
107481542 776491
511262695 116382
720837447 275695
53628849 310531
652519100 520744
668496063 750663
936545406 113836
356901563 300748
618703892 238246
927893885 1939975
108883115 1269612
910548586 207857
26102228 364090
650034118 882812
975892328 2160566
15952063 279052
44271985 416107
592471408 23695
824143760 176413
312127377 613730
366481332 2214951
698410833 1316646
462332901 1441766
418061784 867952
789471201 1398396
785855376 1289975
60826128 522337
355417562 573301
470427957 240844
809263008 1032468
942730205 1146323
315609860 3538539
339758123 428038
175501565 133280
793219395 595812
274620954 2126615
401502422 763714
800540401 97957
56854827 315291
203057492 41497
76490119 397834
455498260 1362936
413198156 739651
910131671 526936
648671168 179704
611537320 145408
253806528 318868
584993153 3979054
113260742 81990
795342769 1351668
395498636 270791
243817388 955816
133678329 186610
802060934 1381428
839566075 1010568
938670038 882537
944677750 1033977
294416075 1701352
228667931 1099854
908244953 1135116
719691167 84520
117175006 715124
709535617 267318
637581689 747431
204781647 394899
773437408 1270404
982083883 49042
849010383 1193635
883277593 1898617
249934623 187755
112361466 1544402
236299352 1806294
473612047 420300
599855336 107532
37025266 220881
651138845 1351438
514426011 618915
645954042 1119580
961148845 1394300
718072205 735935
98956303 425193
670762335 228331
140820541 871849
130990636 565283
935607449 1310242
418811260 139922
314976312 339362
355350209 62176
727555371 1005181
842485132 1516324
210358468 1891788
241099523 72949
770349088 2437661
821381466 723372
590163473 493990
962703575 434763
37674754 738217
401630239 1288284
387583145 404637
687914138 681253
636853128 948645
971421929 957861
620962744 962705
409176694 1106393
684933089 1531929
814525056 501085
490765547 752484
998874085 524537
629616687 957860
755448488 281513
198176350 1008981
241634900 921460
139250886 114456
577774923 342887
566853145 2525811
149366924 1363728
193834920 1742891
306355415 697529
291085051 23395
758637613 279170
949857043 572576
997320861 490762
157555868 1006247
435117173 1652140
372884557 779969
211234054 1551069
472871836 1829985
564754342 2523584
13558458 415743
36141052 279440
103873618 187191
903656599 1338153
988583646 1359483
924508378 183242
946940790 681211
956903209 2699782
618180696 1146668
56358155 212940
713622956 3336711
952329072 114096
607414222 181643
294363696 432391
928533301 940401
854559101 81214
55765655 1044142
17572596 392881
41317551 1170133
397080824 1852163
884503556 1293541
457665171 1094237
483828183 175434
792760309 800623
642582011 506273
110486039 599370
297479421 1553333
836759356 156811
842301744 116065
670232192 90789
117262790 1403347
994561107 254806
530691176 839138
296191586 251583
414960967 1150666
614876864 3163574
327466642 1698837
798221169 139352
395561836 886923
84263693 609503
888040158 808766
569999503 470237
782160676 405888
748164056 1219600
575508879 911516
17048233 429189
523358538 306080
253755495 342786
672377021 1197232
494570186 1110733
572808743 159326
892249234 1898586
682494312 1071314
667966131 851233
649165876 1759323
363832934 1037385
441133175 1142966
752801319 1908009
305859235 604998
39365455 181566
992610477 701212
431382236 1321071
289016352 466422
449049506 1336065
314937143 84478
14117049 221276
11499795 1200415
115012654 65166
662979364 401801
67034592 2067312
340741436 1965025
78179214 977461
759473366 37876
151125741 52358
48454463 482038
984320168 27853
34296833 104574
517211899 56551
506669656 1052710
184038717 1777963
448632474 105118
695501743 913693
71322424 356645
131886770 143415
905519006 760297
43065506 493944
621764122 1270502
266305912 315824
58676202 1575806
343207004 1486555
334886500 630090
863383139 8211
967805956 904006
288493403 1787217
744841057 488
140673645 227348
336062063 144475
262419482 1576041
916853502 4168
26142833 52419
167556513 475285
93746663 2056900
10113138 2026195
600828349 314404
427514984 225244
270268830 1596453
379552816 895163
707327282 2187750
247955274 1263420
382457180 677158
983259147 1095552
361345301 932653
280834082 1920481
811684292 1327696
791059340 794845
572327945 156283
146212463 1509888
807815856 930683
76557176 406645
205751231 329559
644189212 1180862
12797248 1191996
183186099 307373
226306999 984860
789406683 609187
172269796 481273
765709355 4072138
852703834 720171
44464512 188600
815051978 1007229
729040606 516613
61520182 474763
380854511 1170274
96184087 917433
859123127 364988
982994264 88273
734125994 1346226
955635149 348668
293332623 156312
947932878 455303
52915453 379501
53938140 1551656
945800696 321823
240005420 1588234
583245407 57004
245163763 1283407
420228803 1586329
786012831 351611
828773186 284082
423625196 586890
910981124 2748913
647676069 662492
29904741 145316
164326234 191855
953075999 1139073
726164634 933127
40200920 79259
563861158 242109
187493788 382187
507164173 451549
685138927 4915
43108725 89700
832247487 1309099
50477020 366706
719952729 688291
730189160 2189205
79498644 829729
638443605 2497199
635958169 456725
128981182 1108660
139720466 477224
943888638 1766663
748570302 1141979
380876564 1209120
770587976 1267637
332966128 1961772
313207727 1167430
919090360 1101555
260876225 1481014
249790349 246580
146280382 792475
543772424 1012175
43701069 174835
542248201 961403
222602196 1732768
34391969 1218037
102133316 919271
711927358 633179
992403874 435102
262774695 696916
389459592 3444081
242376853 1232066
163399141 544114
722874098 1688081
511238802 172363
69463928 642624
446824762 38826
346226995 2128459
547237607 47639
116815184 330221
86540291 518061
16828363 424607
100231148 410792
993645684 438580
509427263 880437
161405512 337102
737897782 1747338
26970057 715677
414270382 216184
45317419 689105
265076369 1513693
702698714 2091951
902866149 241588
41635409 374842
155011899 343277
836105164 616024
807174842 324602
546935887 1814197
599808797 512017
431458979 1398038
68175250 242725
517402093 1506622
751687484 907733
811507924 1106315
338142912 2321137
272594129 688411
28575230 170731
876431164 391034
656308285 388941
74498698 923494
879666635 961339
733099729 1116848
74198150 1122979
456955513 283262
147749525 700598
6511911 823247
16110020 140037
370114884 606461
97361173 250973
190096591 1920530
831338339 1170710
922572176 1838897
899030298 286699
677434480 639758
450733654 3480347
849346185 610510
416225465 1608473
838453631 772829
321962441 3058035
57695499 904094
780493983 471011
92081350 337113
724373982 61329
201598518 43221
537455709 1740276
678367458 3050352
404532738 4059527
409372503 569795
51421732 463470
796004236 623480
518982145 1721482
977032158 3204523
641270120 656591
433174028 1100035
540479462 155263
655855739 552419
601417424 1032065
345840417 1199094
963829200 638421
993393896 667739
479990825 2791729
25679363 353288
37074988 87807
186574399 1058909
427666107 863233
479288010 670773
106017238 510417
985977513 1614812
441763192 1203840
277029217 669219
321240269 505328
718518179 859846
107492092 1127522
169775331 1864044
58038970 195295
974209465 913030
916835096 1362750
247207383 2113672
542378321 716963
283393335 1732530
661526399 573144
896906985 1552241
888621901 617716
18229219 259718
450873986 3034614
22012450 437699
138745327 731552
145653875 329890
919243543 1207894
818426527 2304488
692775690 1370746
283600052 1376805
166927666 198320
823963579 219290
609502176 59033
217166725 2841159
482216312 158403
745363382 1842296
541315148 146579
259604593 2061293
230267137 467768
321524662 177690
992245310 119914
324720226 323174
22652428 2150975
132974565 175971
989364290 576945
449766380 746957
965492320 659332
742022433 690236
746248443 819977
267304576 375813
512436205 2860076
137242773 995859
534765319 1359797
728241654 240176
245850475 918527
471725502 251079
45352095 1203142
89695919 1945591
972783335 9831
15575153 276411
7675802 2074216
69229479 641079
907390600 1857644
872959578 2768098
969056884 1110599
425396010 2115030
527153312 788748
87772211 514889
522924864 1618292
532883474 1154222
972912393 196507
269305949 1760149
411500797 1391689
437160876 45198
801518399 61864
898821144 894806
21083730 817460
384568820 2362156
383376472 434657
498828690 1259554
399361617 784138
251831788 763456
697385951 133567
114691784 868926
368235977 1311777
446087626 894642
895664640 277831
758448424 370524
244474839 649302
98942618 305771
666365161 415241
504163512 284641
357044786 952754
299706495 2628669
200335287 61619
851554891 2845420
750100185 616736
546186645 507813
522290616 41108
661787495 724495
572822930 650537
871477018 421337
984398669 497484
660082486 1069802
475335770 2983432
973330871 1088353
673740976 1103577
196648924 553851
212803828 966269
92639333 847333
403938621 282023
774084665 235683
239687170 179605
901925108 309253
191441729 342852
387146886 501231
308012 863374
778774199 764323
476510232 826651
803696280 794098
375808560 526989
932973939 523505
894224006 2096799
799873177 1371137
869048830 47697
592741226 3534732
501793659 1435874
524631170 1072766
142980881 110622
38069030 19304
572050850 211540
89045643 80633
277934619 2613130
750868663 492411
84710586 113335
206034688 451779
557302004 1044444
21947102 453700
714372556 226578
763157738 2382859
351585057 2860069
527865408 172344
60309240 698432
359432506 1696934
934516517 1056572
889399910 1388600
400441464 254830
957280712 2600264
554672197 1011319
356480358 175885
224622797 1441530
264348234 454168
597945924 1596361
267100098 1063108
467616307 1236573
235568885 128606
982347886 812412
834584213 714063
666479322 1045762
61543115 579993
383339748 738677
178114756 2318825
495910681 1208986
200063844 196754
251474225 937129
652906893 14547
694359430 28459
121729004 494905
987693653 327228
467479567 2058702
258173344 473216
805898666 1594771
847555883 985627
487449149 2616421
725020962 223250
737472799 235143
700635605 1540830
35670320 29906
329878536 1935064
132919273 501451
457411737 4147578
796904562 2018665
304827840 20474
52374032 214497
228844815 1183798
272252666 1676965
939961218 2014416
727165136 338697
374582862 620244
43804385 164326
166043131 762181
846582604 13120
199988472 124153
185097745 439076
501418108 1946533
762277155 1216037
580105924 2517702
735958052 1923699
62132879 2052727
39013970 473209
160361171 119415
483545593 3748527
922732079 23666
315459945 68232
254788583 2386349
577987707 405020
780889490 451687
866031450 2256738
516384814 416486
561982767 787510
505077090 1396186
822169757 1277318
803654936 914847
