5000
315452681 322848
576319871 2357
809735422 88219
30737068 121505
961657213 28162
212899004 153893
109282848 183323
646023979 221977
59707842 11102
877415350 117704
875542248 621707
207464748 396083
712488427 102483
18617767 135008
490469692 272851
28292714 219707
446467909 203248
467029330 112472
587443803 267047
329098225 451206
333650053 389224
56531344 76096
178514773 27697
90949294 640035
135708870 4540
286682638 317730
727170304 597006
324303850 38097
185247685 657830
527786037 473850
684540525 126879
571643454 859306
73509110 61103
812157 225410
576772052 359404
133220910 125862
22778312 181193
718283659 267625
697900957 218716
677179681 92983
963907606 150184
393413146 644124
755669034 72110
272409977 330121
23632701 248143
925617120 678876
31805556 159058
8034809 23351
129804991 61365
727969286 95599
377395598 196719
555998253 386886
300582982 188908
694150993 201269
23987358 128546
306973041 148876
930590723 157408
820084950 70537
685789678 303493
700987899 129233
784281906 291526
889609931 288935
299609758 295940
745418658 274845
185054932 123440
314085463 184015
808257735 402271
334571269 376974
670300094 167533
285951862 501101
243340049 459817
85483126 310180
376449458 310033
150963754 539109
59516754 6454
837207942 404935
26958167 6697
429612844 447084
34205205 125338
664586649 189877
981594609 140625
286800 197702
467405208 101456
23488838 143595
38100881 459878
605406977 325547
298916568 173988
923380046 431474
307083756 406751
935728220 80587
473112124 285100
418584737 37643
948192686 65650
647775460 616182
836708778 318630
421593230 102156
376971311 137733
269278380 296169
339118440 249751
117276780 38058
765971285 201598
412258590 72426
546831834 62918
71264533 216752
775147628 367380
293039879 217868
67187786 34021
800790716 548562
874566475 321896
889580697 224103
440235247 339084
400184929 81380
658415037 165044
564054043 233127
76570730 45350
588188597 332445
379815226 95897
169237576 166897
661058148 198784
716485535 212440
124313435 270553
990470110 176722
275120042 101485
357539789 450962
113960733 125291
375105940 293583
304292926 83227
931644613 42111
265342721 188943
886903687 173451
740075913 338096
728524877 727550
26902311 56441
377847766 320561
736767411 35371
724029443 193869
278357868 223120
15547807 41452
24388391 275655
697650054 245689
446321465 68193
157059745 199189
101426475 48966
12353316 88347
94548440 131088
495669812 422537
192108629 447675
16486091 311745
627807418 53363
371092474 125518
156017661 191693
118124040 161001
984613035 212675
116935815 49688
299134929 164110
516375658 16383
159817480 528826
379648511 151224
722066260 686914
232567007 144766
338431255 439061
789348334 81931
142166617 231491
381034334 201030
701833216 43495
599559660 103716
39832424 319934
478107338 210437
42085653 312789
59865047 211372
884728217 251825
691933114 49468
588985515 289979
448940875 508329
460860908 137557
199551495 434847
294393392 174061
382875058 351775
616811733 138341
209233422 402925
705874165 457279
58237728 166975
25527566 218367
127028718 16003
216593205 134889
697019755 357548
62802023 134895
280966721 776786
345738984 212783
669817076 90448
850721702 84615
897248974 140675
747851553 225865
98567848 99127
858021692 417168
942503409 92364
78807161 64986
305031106 293164
525185139 48056
245120780 291128
99614995 273582
909620265 258650
615614840 105140
663219775 517756
390685363 321634
634870075 148340
644987228 45185
659502388 187352
913870434 538230
740044548 99815
362120638 234572
353911840 125801
143751387 344105
952339038 206817
446045215 170855
473632494 199577
452556791 71983
521516776 90357
161814337 237449
548536800 362257
598549176 309538
283571503 42142
203223322 88643
332584014 152243
717215644 367263
296349641 273722
735681218 354783
335816562 467064
106618377 214810
821255398 778131
105307101 97941
444884663 235738
369292994 123272
346228026 462372
216637251 389649
45374474 182006
282048746 23763
85236477 357714
622950269 82587
464127477 227485
549513520 57634
405125907 90563
674658178 287746
96122115 175206
324503620 222269
443692693 303367
563415690 313679
557753368 153088
591956336 99873
749285937 355886
320215706 261030
294873356 221333
366535896 252708
907158245 105264
90790362 145434
707084957 259591
181177793 23869
344470315 435167
822973066 461844
262149617 450013
522270649 106414
112076224 92486
847111944 325460
850863927 245466
861860306 12018
184425841 545087
324329079 348983
206126554 167380
388390297 238555
424767791 376255
725241910 201673
110513672 56686
157726450 214847
714816733 225677
263467236 489893
970957784 72028
494561017 555179
477505620 317635
791004471 73543
88121159 224921
4664832 36269
855621130 165203
26550693 25061
400075121 12773
78735172 63464
205991292 101209
746851175 522489
347259382 206779
626184744 150213
756451011 167060
872759298 283173
378724115 123880
874194079 112191
50213071 68106
867908444 114770
573834625 101492
243543259 474590
733165752 337166
248524899 317666
819677821 42431
937829582 348475
996067838 571826
669350179 237561
803722824 297491
316065732 45466
596636770 251480
839013032 234586
15118364 332325
194819273 481770
117397643 137367
916234530 342191
61145286 59369
478476585 362458
714580705 351629
69634468 151710
946561606 106557
628015001 284961
844118887 22771
93021526 175471
325090430 195896
529063528 421532
31214509 228839
153082608 419800
191530886 189603
891017793 964323
437565622 133704
482060493 306830
357520422 75097
506336780 1009056
437855542 164797
800657774 149954
432207449 141548
361736282 132909
530461114 97722
377487294 156039
808890947 365531
426052298 242883
726370785 323789
29751480 17383
881293445 134565
310287156 133306
94884348 154807
356108973 241438
35167596 146272
53752448 188778
583245836 12908
295512165 437002
13972980 154548
711863069 380685
638379098 168253
635160153 215151
839798717 473059
459409730 143644
49736378 13362
6026226 53319
75980829 66539
593281650 309987
68908320 176466
8497933 104292
990875476 20155
619428529 282289
549126632 76094
709940470 157577
827080616 52204
398203761 950164
315590552 310583
256283725 620339
309551419 137533
283142355 395274
336017631 531169
611797217 332433
150008015 327967
121674941 201374
397673494 372759
289366043 633464
719594186 165401
155552117 85236
260546693 145207
659791962 62799
112833623 14759
66775571 159556
127889468 205663
229551496 190465
350504507 112253
441162859 529143
716217101 108983
494817491 500719
950209127 67978
519325701 17303
291403887 301609
165838170 534237
241970439 27423
901096148 274378
563414614 61518
798038457 207765
814407064 321662
330015855 57796
638144533 273386
489801926 223532
312540361 457939
945140619 154592
637974906 126077
316544996 348423
41324187 215112
39171823 306316
310451263 377532
64447858 74617
242310214 159619
409410520 25479
984206726 232988
672730393 41851
68748270 151217
945176944 144693
877697847 103009
924773159 70728
602978394 17375
40231491 223718
499290005 94345
871650972 277924
75822563 168196
539362305 387027
900702062 58503
468941844 349476
654924893 40892
521082133 437416
53079418 246223
39746828 127312
28604139 173672
648540296 250899
107011307 398474
128588416 190613
679851794 566777
913299859 45089
101468342 286636
126022596 244724
399533455 25295
457107376 588729
567937997 562285
831975548 94304
430476367 46636
325209339 81634
712903329 138832
172833065 591477
621506859 554698
715102967 714682
371060089 46731
555136766 643210
248003113 464203
337956828 385168
553921111 243130
279558264 205820
449737978 89733
287119043 296665
551676475 603771
461221561 67101
973138143 124641
745397599 146292
143032008 24706
383192272 386184
103982742 86062
413157408 301956
321964305 327940
699733988 341056
549622499 308228
224078409 212204
105163196 140253
818642814 190567
502368550 216021
215598441 165060
52605129 94678
772507024 249702
253704930 1026530
959397281 367350
181869500 196747
113426003 194629
993658981 308857
371442103 133666
66429989 97148
312106747 361657
23738321 279094
813197836 86418
833378548 1738
29853614 146609
288285730 617267
17811559 71221
70085274 241338
94337630 151937
195377079 169558
290351010 173733
536903723 335224
1161863 622316
362844233 89039
4234225 164348
252271342 612105
785180312 185523
627657594 37056
900423919 145677
9767798 15048
171579968 502648
204307853 153128
438917082 292651
315133771 141961
510452188 153825
60057184 140674
124837743 163425
398897296 319899
175222337 138353
894422992 253633
786124492 265320
404812500 218707
526597130 157593
208781737 190560
300870511 263683
78088346 175984
178715651 402720
367979025 40960
950815913 76958
864119932 100864
96043755 91100
642680594 276689
124200224 218596
767008217 203995
559421166 257302
274739221 274244
682956434 49530
784440287 615590
98437662 185878
114840979 249130
983781246 332536
397786795 411031
312821287 443735
893634822 393702
18321069 244988
235930549 753239
335421755 10547
687081939 1128519
68680576 27476
89208624 67396
794409503 329655
130367190 139374
122966555 71052
310756137 367937
86789621 62168
455882101 537410
474104673 284342
767238835 384205
650368780 464430
948385414 265288
523656013 112670
679136976 352673
396580892 303724
104360496 89635
28368912 299926
348609415 289577
510411368 96559
2776631 247055
606129302 367614
75682879 43579
835357120 136573
575566398 360251
721232051 87688
512083099 93370
740725546 417522
832353167 759680
60503179 25065
654028087 396651
716881247 115839
435209924 65869
36166961 104916
116829205 46651
255700557 42466
783056783 207579
570849143 91029
556509054 183699
862962475 87097
982762507 208682
924151805 193877
454263647 308956
936984486 237038
396755299 149980
727940105 32455
314549053 98051
539876739 135373
787909208 163760
131857942 244554
437213356 346156
718141211 331997
978651992 299756
993344928 375011
627353447 332108
613390253 157802
127956887 262425
709093588 487221
575224154 111094
269206857 100551
295083155 78166
17158420 191873
699303907 261828
666318508 153102
325351841 61177
723405346 73117
598884809 173093
196993672 422288
132948143 98060
146086657 144563
740554829 123398
583333412 62961
913113310 174393
142054254 154793
664722923 104249
762601085 334314
84378460 15121
447020135 325422
788614097 41858
67967020 177924
876144641 406375
438120300 364129
763040556 153378
590174139 86306
450624035 172461
287573288 98490
86328655 32698
49223128 149623
411399305 336628
805084477 419455
391512452 635032
179796882 382616
67564969 48665
849053521 258804
35303830 104875
617765223 486457
404245421 185891
990631641 68684
594089088 167158
17964855 165160
354679626 194868
808566502 125241
994833506 357156
835493306 475919
212857448 33739
341881954 146401
18288472 85304
430023773 334613
569710180 404278
606970503 64085
839724802 35150
532240680 427815
623620102 286575
881199438 145175
63697670 144666
118690956 42898
103893774 160644
84733620 317539
681079405 180129
515080047 44267
7629832 71673
155409852 173500
31599918 78018
182192647 440354
566179586 646928
979114529 199119
274704499 67971
531959982 57791
781299826 359821
519821465 157434
8594877 97998
38580431 347810
265664935 133688
68529028 127490
699582202 374603
777300734 254395
882899703 647185
556934312 102504
620991562 76780
712880978 65447
201273510 274531
95489994 116632
143148704 300370
696733145 133671
519924389 455171
582047076 439858
102470369 47129
995232355 132279
909019539 408652
860433618 342611
809290740 411073
995396270 157279
498609207 192981
740243967 248910
773905945 158731
127605865 62305
190980111 500945
280470389 278926
932509162 288824
825167740 83351
147464288 245815
979131265 492534
860656228 432529
557621664 5928
815074090 23353
520805894 242705
24984169 218603
345327663 114449
708123916 274979
991784756 80966
22509167 171586
744153393 552247
581638232 310288
273055844 646689
296422102 357223
210524499 769207
350497929 51196
613299557 190581
199169802 343841
293336448 443763
61029760 142715
766186630 132274
851278539 492592
66098455 123904
44661001 259693
297637743 245077
965567618 595644
515117252 203434
378840441 170779
647628427 1427
917249731 478317
446409609 64140
968959816 109951
22442687 115207
477434584 196915
235738999 271003
220055080 175870
164944748 45923
92199295 56205
707582679 159048
572305777 439464
903017298 118578
61465330 193190
115252369 69396
8141782 53181
308889703 169746
937128103 108920
915216956 135046
755409079 234293
79475685 72256
105423916 103448
786520092 166274
938363833 527528
803992777 593059
326777027 721670
166689486 44722
664804940 182731
99816319 98318
157242119 224415
629413993 604344
482980988 239686
407627555 269088
125190246 342016
962124106 410455
265211699 309359
265009037 120716
144492634 179492
843154205 667761
414107247 181423
636162284 633972
520426627 430886
73733968 47528
595726002 627885
769816441 815796
210445743 159463
505513280 333056
372081102 286782
651720973 143426
827520705 186617
77716538 219079
890449928 101235
624009733 286714
804797353 378646
483387648 209594
80064042 274379
745655131 122142
881925148 66503
220303652 109054
985330265 623206
81841403 195440
585372812 38018
399185205 110780
598152565 382019
631284798 82733
116900452 54861
960304425 153151
593961073 135418
577760456 131265
867346461 598599
32163770 171452
432362795 106517
480640859 301211
977195850 33193
51117939 101481
937442754 350701
113268493 152579
16862986 51179
720133124 854693
708868526 111001
953664441 106480
472639907 95316
223128483 265903
381942367 286897
111340379 92878
186512531 293284
735526431 33391
657958961 422023
800372538 397542
897438586 108901
451898225 24773
962032872 102387
120486104 285720
35627806 308420
799439304 361663
976938489 155199
724256124 280696
36501637 243361
439202852 179072
29481259 257749
824391596 195439
910378440 308964
172945710 1321277
2307143 32934
255947289 356997
9214236 20269
787703051 79468
368006450 414337
20623116 155563
960468046 174304
937777026 138766
369422120 118276
498510637 133987
579836 126977
200421678 124607
876807619 281570
638130527 221901
912146931 536212
991240557 170181
341405638 55602
462604923 363386
607898804 344086
476764072 304072
778682201 303847
302862464 74366
52832842 174406
102773170 418252
256963507 66570
497772012 428196
836283652 316724
480988822 287579
72625631 52491
253029402 268303
802268857 403583
96867095 36349
325341786 51847
19975734 108327
639443358 318356
524024111 26925
305677433 230070
917798123 153434
193683316 285969
176984921 326601
557129435 3151
86042755 163708
351022733 397045
64139835 56030
490861661 233540
140535118 269401
626297039 102676
746365314 211583
372494044 144954
942254444 97283
668157556 590033
430884462 255061
143038123 122500
650312178 256690
104799164 66128
107498529 13879
133292040 330761
859519491 315228
378662615 129656
759816980 284234
222466296 384741
634551625 87904
846478628 185593
501861845 275354
370228534 161407
935792512 251490
121844276 36244
105372667 60627
683974415 308760
261535905 492746
467108070 132768
200231433 149985
348958358 132478
327624798 274177
899733648 391628
69496365 142231
46128201 227192
265117571 204853
358841027 156354
400790402 399302
567507500 152696
501257738 65601
481756948 154218
941543461 147463
64159054 210513
209769692 213990
97561685 402896
320850549 853278
539827271 120182
681883450 644106
284006251 271193
948313829 171045
473442721 107180
863983644 182672
204449077 37115
98945395 278532
131938934 198673
46950221 105583
78869853 80164
248180770 404047
42407133 167087
37627059 90423
568886450 541906
87909376 145121
509954259 67200
123611534 116497
822799847 526084
556303982 284970
130470648 264495
183710460 176025
89504843 95299
200918075 237701
61221937 205482
798931654 430333
902423266 218670
885378173 234933
580370260 312548
750227022 74225
530225109 33024
520270672 227429
991470859 158980
771858770 574455
710730055 135343
259535441 244778
936179238 160300
823644938 351527
78913873 158641
117755601 297155
929844358 326327
691103267 176863
551478008 382505
786716635 606260
33446311 219475
897035585 145342
37836204 45216
494141783 336027
98880418 54288
479151415 151629
32806814 39051
648317704 103841
696554635 207675
503658986 76805
946050028 569909
844781076 291483
400926590 274232
479710110 159216
949877508 58057
393099923 687187
932939824 259555
352083580 534579
900715788 638755
506041715 141774
379188891 254891
431077523 1033134
46489574 158855
41637515 159649
444350968 556217
110756336 333744
118788356 189745
323463464 489750
320420469 132411
50508315 280834
796478549 35886
545810978 71178
401355802 771317
445639253 15694
172092487 481292
975976001 193338
880141256 201047
952038786 464090
652462754 94123
982316993 250256
324129242 160604
49671940 70521
268361171 122247
10019559 463522
145608874 20487
812929882 97865
243218938 86999
524220259 281409
128969622 275624
404347971 262963
623213590 106117
386326524 251464
892005784 35685
889449581 158517
31857221 250293
409420836 35686
767398339 438534
232658296 331799
827093253 140917
14195900 194453
988623664 388067
879570067 100898
603370941 86238
227408991 305083
818515479 138565
741179426 85366
724800047 205522
44035391 48265
456374273 219189
342221043 174971
198443730 337886
735577358 151989
997133345 102896
32842169 103283
966693758 32176
165431228 298630
273705733 116286
31457563 37515
756770073 31278
997899554 139498
755135036 434604
306003944 853323
358278884 534651
287316200 301139
235066478 289414
276969075 136428
724310982 552163
652030864 239026
661883530 373429
964341931 614808
457837027 53596
819112456 156551
37094641 277808
928897385 281405
847382490 322940
19142762 366308
963988171 173956
904224972 220287
844321786 143947
6539402 213379
604687982 147011
188558213 295588
119491666 258894
460410718 35788
978163892 441182
970860328 120250
187696231 214194
909602111 19632
450301648 110145
616600245 143489
915052368 31892
33144596 35621
15485918 29068
890216965 276239
774879837 497571
855250650 339098
67670664 157686
500972239 256336
930856584 196022
63156411 216666
742968771 377505
179260197 35660
105819843 135647
570965209 366098
106195716 112881
516533397 167101
287704531 162803
16811097 72407
113745786 238475
690992563 124523
504571121 66610
585334031 13905
500672976 177338
587986186 118044
586838133 422213
642371994 268978
502952276 491487
405464508 367311
74289114 128650
833265180 86636
403808159 209225
597656698 242681
998690501 114365
667927406 45491
511475268 317019
327054864 535039
223759263 88823
448479912 214673
210653972 1066457
677994136 134503
25155800 68988
674897299 151543
934183807 730775
856910203 359509
692533323 154237
219616487 299293
82953786 156655
849332827 293839
118091714 33986
64762722 142873
524666185 20246
130935084 188897
186407960 129575
897907571 345357
528959320 51199
957028686 49855
655190094 443428
205488371 63558
412761423 237907
76746749 321149
482613304 243066
979761454 233407
245434589 125728
121640976 166339
841606340 92246
89666318 92546
274097603 5420
37800003 69827
801002447 521017
723059171 209644
639112031 240016
9292998 52656
337662005 407208
457845343 202797
417194407 2713
816245460 215612
10723840 187995
266711464 519350
801405877 456113
920791802 560274
593044469 88015
104498554 71027
129351852 104128
167644031 476980
125590953 88777
328194198 5085
717675077 192044
467469054 137753
24196923 187568
983431351 106659
813425142 283540
983066127 162999
338806983 158796
918483749 203024
950114844 137306
821100195 176359
43819883 46661
699969542 223624
814698882 283200
267048906 575239
685000487 274887
689759694 512718
968689985 158724
320979363 801850
686742333 327291
239310493 18509
625274082 179244
80849355 483156
437656829 68182
428306773 384243
340620989 162517
659435503 182630
776455583 291836
657421517 167470
83084168 130685
274339948 328420
953514441 221677
416021709 192480
279061242 82812
903276573 247472
501560817 119006
29171185 69252
853393760 660154
53600537 140310
106233924 181700
949739802 85505
948833768 501635
41622163 127196
102221344 170498
39235663 335284
870638371 237396
892428646 907229
764709072 250744
731015705 79040
290504676 197176
833502732 178719
414340142 175768
146752595 654166
830676812 537236
100416568 316465
345007518 287311
69661494 275411
348117273 172867
247712334 240259
228434384 31081
61416177 132432
142595118 151894
20231002 183508
493858804 217656
4907750 164396
919380628 305340
416995848 124173
155372515 19046
2015489 116982
947279516 305901
333061480 398329
572811983 53845
132394260 222254
95988990 123144
25994283 217375
739361815 150962
25702001 174483
300179541 320130
853592339 1240317
643865754 341588
667466304 85701
583953082 286741
104986042 73735
605821468 128532
258904891 85962
701952682 136370
338995997 200572
251962766 640429
468586380 279288
998779465 291167
490342508 91138
765817175 322271
58369549 303956
908634396 519029
46786944 160682
299384650 423950
490757929 125683
59560383 103466
854408934 768162
433705356 70955
971850198 99728
326112474 879520
120774955 145561
799363647 227572
95194856 279980
162057913 124174
680712706 337214
969480276 116203
122957095 37899
51299097 42832
53572215 68931
861479264 55932
485152854 284490
78560557 234049
901367849 49760
223488213 84660
136141756 76371
505401103 122258
707678084 312699
958456501 102862
500112263 221791
591815528 43762
605695107 76407
249215315 579751
783661055 113473
315280987 254695
317118922 406928
775745055 119656
149692345 74787
624222720 94385
400222771 107572
719408883 209482
623999651 210000
376666167 244129
754114847 94370
379003783 41849
625537401 229751
781976494 489786
67064352 110356
582899040 2724
20457075 204296
564394940 481255
801554841 392046
614092761 62383
451032050 27144
955162088 205496
592133351 199215
737353548 426261
130514173 322771
368798726 492265
113020046 121143
846971187 249508
731962216 236114
187130771 304245
131219410 540918
154493723 137495
966933379 9064
443235753 324397
956536683 264443
545258326 85808
715078094 446854
816950577 591074
666416335 258081
359008300 91809
362722159 117430
764907175 359765
146656122 627439
825840503 937025
493983298 376758
532188364 53111
104892980 155792
95644961 56391
667425783 63185
101933501 254587
800317496 316713
792749908 181213
788795814 288126
585694013 125641
92413631 201910
938267210 97946
309762069 134503
432708322 476445
14435313 298711
913507422 204820
924829232 99970
816890977 24900
646285066 149633
143239978 303858
671806537 124332
124998602 11939
475783955 358750
900051297 390358
327601295 96715
139991512 114971
111212415 32213
488429477 125760
508863320 443522
711478058 61638
362907769 393255
308600967 326384
625147981 286036
129245809 175721
882704986 188629
222694150 177675
558957240 354373
566915949 492153
196896490 90657
141501653 118630
535596922 45384
224519214 22075
238602470 702150
145974137 88342
57195428 238918
343708646 285436
257908381 413833
142657398 131051
846155118 84340
142750944 276779
332723912 60463
407065309 48838
136520511 127807
180858468 223396
926332633 437954
848648329 339000
67577045 53652
40538416 293237
287836963 423717
167906919 216274
814187045 82749
861717569 26884
982610872 263322
577808932 1220314
510628530 353327
89420950 151155
309283005 298018
226795149 381664
892150233 329829
531809470 50353
372047097 146932
257427416 238896
349053161 408851
382147787 124397
672533977 75528
466474317 96530
525245827 244684
791508282 5539
881835671 129529
395144545 341970
65382134 120155
527476112 65474
373351959 223035
464555852 160902
158075427 134526
708375970 258062
778317672 81873
645007927 215407
550564966 266024
824100203 128339
27592494 179717
876217347 400319
621082280 150596
371157380 134927
418319823 158841
219563246 175641
243241855 217310
782066122 506208
65728724 97128
697547308 172295
56802506 327469
232096754 455722
424261117 370161
19922431 99148
13067671 278545
5958335 47969
955728195 166846
894922996 64178
355562270 143318
127084706 44157
515330867 101838
987490699 440583
499352005 234783
179654907 17914
844983764 122002
829440600 163407
550171671 287077
193958103 39171
647178306 308046
205730334 331306
275762815 505380
735135007 263438
94171086 140658
237773611 188590
982358117 221323
20251092 227377
695774579 40496
541878355 263505
50871445 341906
656187823 128061
141099190 63610
794954819 345573
640300192 562386
694236145 401617
737030124 224753
447797110 560029
22145933 287274
7701908 52899
815080864 274699
769488664 151646
238476717 106058
283634415 191836
722711962 199385
841771230 652516
420660902 505968
132403476 232901
863294095 625075
26651952 253591
614748776 625673
407753915 368857
789244361 52686
691641485 26739
979874896 164187
386909174 221624
676473823 681254
75184923 334982
24494266 215815
662972205 261358
617542942 450453
149779581 165962
119069865 215809
876984700 271039
223216980 203487
214631424 295534
719177545 402687
224547522 22933
869096948 328552
662454047 184034
436536997 288050
710396330 76599
485838959 186587
415898055 194817
596241463 508999
398177791 394480
870448918 375685
150272153 357256
739293625 20596
391309872 196794
147535579 237923
850357270 375167
358201677 73980
732105498 192118
484278250 212442
884740126 404553
149144350 116127
261960321 180182
308199264 553181
560406378 1077146
686479433 247692
559687754 569510
585063494 201544
325513965 38337
585743715 134890
787763349 177505
596887944 29243
372202074 331843
431624139 553528
818174951 238071
504333232 130998
95731397 32670
735951740 274859
108292549 100168
92150999 20374
283426549 172043
366179829 35526
291337928 134512
717062690 260567
567415850 123612
172613171 111958
134779657 307968
183030509 93962
120483004 242867
143460110 275972
419730377 128540
514297271 141804
915689768 121767
897467949 93870
775698139 119499
470863063 453987
499715513 514846
419151987 401443
107246857 193319
47628938 160274
999588956 56664
974431029 99954
799915191 324421
672880724 145430
776781900 197337
366322161 185432
156200637 314274
290004545 88382
134462924 353324
726986059 103344
112331988 41436
37416508 55214
27857156 47791
969671503 119617
935052753 116425
369503174 361404
1070824 61585
783296166 190247
267607703 295986
134423031 182787
351313882 158846
106466498 187210
71956883 92690
798899936 26725
820362534 625780
390896849 487493
133096764 118059
837591583 113734
820151521 117407
409855460 89719
348565964 8769
917795219 89910
49461860 61166
50032337 163018
474742357 341808
955361125 331748
186218219 233990
468422132 87245
714001000 101667
468915338 44998
204779894 168018
825216759 91549
124105883 95553
345345451 331640
504847896 358827
659152299 202883
488909161 419083
851248723 157181
107001398 87870
779796058 358823
104849962 51054
187005902 182956
109002110 153226
112621577 197978
792862358 354098
385169730 99630
927575453 740640
559628743 246513
910038617 147834
613014643 183589
13446901 288297
675257609 284049
286660369 138867
499018995 314737
135361209 218494
831171523 179046
178071724 169161
33933738 220439
162934811 334894
166255429 170334
519210079 74190
10966966 561039
215934913 8198
869537444 172323
530240763 300339
972625160 384093
920161828 371168
357726218 412391
575742834 530623
910739722 12530
534363116 247278
248997528 39098
935983764 233001
816711136 35148
489398383 181656
553204162 273672
895291404 649730
858313718 352066
608639020 372467
813738419 450646
88372969 152088
701239639 400153
52188986 114411
910104085 341803
531400607 134930
96337570 263437
486879150 597999
535366775 231578
408780961 327390
359174103 155530
216111974 393251
594854785 201956
684156974 183109
93010123 53647
660935395 179408
622461867 15577
493692842 152891
734795562 309139
214046580 164680
892062564 53112
400081057 135341
713086145 587990
989930072 224115
12200317 69547
48082460 224443
653874330 171327
172058603 173266
427020257 396523
568455716 193506
331257934 356235
400274671 153027
179888497 463229
467200511 66011
413045305 118385
775631823 29786
768169402 562267
649894053 367618
958593063 216263
725450756 59540
825490158 334642
759645614 43208
392265649 8749
896986438 86439
930071909 492559
370748552 311419
298478962 44822
411457490 712885
69359284 105345
148988812 171173
367718230 20274
3151619 174658
270156852 128428
808706692 174253
286855255 217781
19014879 341612
406882602 72883
84575870 14230
836181873 226304
574777158 85243
727511577 261605
157724008 33582
430742878 328220
509549059 271882
546566356 278296
804406579 188281
234368779 155668
8198781 72470
40874924 88716
387666047 101582
104065308 146904
5973619 34140
445996777 110497
785972416 113224
89229780 233477
102445034 7214
616383814 121249
87725559 295396
209737594 205396
786832398 875444
684960265 161628
688613387 125886
536203079 70425
843006359 103582
485953157 84376
717617834 42440
582525576 65813
486632390 648764
65393835 314844
12615785 108784
818379323 242804
456452527 334311
425498580 697616
946660015 75830
212236449 97761
346130713 159839
569312055 222636
977212446 198884
206584317 840822
293020292 145941
332412988 135746
459507456 403472
969736210 62149
388847619 162134
877754645 241728
669018764 219180
519694643 143230
724192624 49174
544374966 89606
536237047 105628
906291554 144041
888427497 239590
534368985 301177
902663897 280576
44656573 76959
124502345 175725
200766881 49900
833738037 277808
958716035 367089
967376992 346129
849135403 239507
925295624 561606
38681572 536966
562826702 230629
373734486 217723
964953770 80855
785679351 192898
127065151 25458
435911464 221941
500774112 220778
681172771 330913
547031991 606402
25422086 147175
12665093 106657
906793780 340543
36367114 290821
159956191 545904
686714402 173206
737839475 523274
298371263 95223
64584110 196024
484344314 485559
319064821 614251
121203505 349477
571081808 378550
554374523 183817
820621324 375848
783449201 92562
394914387 478031
844432855 252665
15933643 155722
512338967 11322
221967345 27116
874031799 71964
56686856 294174
84043517 224279
703377737 237562
459091864 95347
327790559 228170
83604199 263538
33861280 27925
976599924 438783
855537881 119525
100023247 190587
353156282 255647
809679981 40546
836842296 332298
289824625 262963
707399242 143113
30424962 39596
43040228 107925
768465505 654226
453652214 68433
768085513 5102
84257074 60471
405101959 51369
958472755 160601
108184165 174258
698312005 507252
597191619 232364
15525844 60703
956309844 298327
380070473 235324
573955559 7271
341957482 105545
174753012 520817
364551579 68403
288833224 439980
120993872 110129
212738896 90190
570838251 53921
213327675 29346
82510762 94908
208225480 251646
441961810 488948
297722236 200188
567118823 302757
72664582 165304
991553481 147686
871090736 69232
765391362 165340
171383333 493271
753245745 858235
301836161 819089
5588733 229219
611024932 20917
30532047 160559
204951382 295717
754220233 122279
296171412 62650
930720752 176531
420579999 45352
451916608 220135
527579494 420406
817950669 397121
21364990 338422
704944504 381551
925975720 374582
638865677 150120
121559085 22521
876669444 305235
639725631 154566
225675983 305442
659837474 68518
713601529 96587
584182755 321823
12880000 118169
194507133 215523
122172114 103089
115933738 27155
909657833 424215
491015598 331856
9876903 22308
858961985 527802
328491383 152084
137357021 403963
87289656 97505
624369102 295047
935147356 146712
384689750 433641
111462686 198698
633128728 690638
452223098 208305
904537012 453193
819909884 52211
154018412 71808
71230498 9593
541551251 91570
88609070 159997
158590637 526307
479642436 94686
389210014 447231
917181786 248084
218507760 399895
902648949 30010
522239295 81936
73326513 238866
943740181 454015
221994365 120366
52428216 12808
113059600 302450
86386886 50401
585306811 4658
300853567 109484
22634257 176105
167276760 429982
14931011 474679
535802192 196488
8317394 110093
156758389 380673
884362058 70493
309141590 361335
997949379 270248
779187261 210349
902575951 85520
239537921 290201
390487058 101828
55516730 9480
999611353 308221
110478421 29902
738730008 290441
915297400 178173
94456202 51110
335113772 175152
643066781 87494
263227014 388034
76528174 53518
752791862 365817
128166815 275192
371287389 48819
944570376 102543
188497114 64826
435336626 203006
569448076 393399
5624966 233932
151578372 718839
324863727 216230
272935367 33738
303892562 373857
210392580 84228
770919728 84462
971137639 341330
528736052 216019
338990269 55948
786069268 123588
262573073 75329
405733455 265146
514150931 174393
735067575 93818
215465565 255527
496149136 1561542
994158737 152593
802529119 709009
750171195 82009
472246856 394615
697887788 152360
220373935 367499
561191003 335180
262084974 266566
541412348 110082
789062128 79260
748625057 646145
324095823 115213
709011061 41939
133033984 55215
522520411 77723
343998317 163332
96255591 151776
52653210 166721
791937400 719816
408657496 301905
773783139 231716
777119184 352926
943523011 382893
33182625 304226
390683613 94146
278124962 149269
418682867 343161
840162925 281698
435503217 396258
673313661 917676
559950674 1208494
323858288 135574
231968698 38147
121565100 90226
360008666 167097
980483475 473626
793761672 216356
299838893 249739
74578700 22645
11568196 47379
759257152 58856
66583728 24715
48465869 244145
84392694 78257
112063028 89670
230441025 283481
58037402 66606
475069057 62352
662844353 338694
670202053 153354
572596785 241802
492838166 115428
167146308 104651
873754643 297563
9525882 228054
828550316 277545
106719259 230744
514616917 353701
916404145 503163
864564682 330182
662611546 55549
331724559 627223
987196202 100345
490239811 185021
62243504 278974
587136074 227269
850256045 181291
966402963 308383
305973362 436305
441603613 475782
283905674 21512
896027554 175723
109294574 203865
920086300 105143
56247349 229545
613013344 14114
58208542 136237
518766331 462366
616657619 175126
661558044 489412
795287537 56287
707472529 136394
213551365 292089
245392032 143541
489658500 258316
57503399 251368
626803068 437352
748624881 101215
412503428 366187
942268224 139284
688790051 63907
533019489 348810
96824689 17511
518068227 79224
704921461 149024
667651236 89156
469999876 351202
747397141 573335
298210730 126518
313387350 174768
221091281 83964
404217820 106575
716978830 235524
364966176 118056
667056435 112326
22286048 161094
72327788 263073
838748157 57484
729031 35268
351691992 212568
784680755 456282
595569110 582965
359299121 526952
536448085 161125
135837637 185734
162971571 685754
207882994 319599
239824310 348636
259430296 122771
922606849 177007
12761757 196180
5087076 393598
215438074 84793
2598599 163231
260940595 97693
355620366 334499
736724699 46684
453117958 448109
98648101 219745
791551024 70482
781212142 421269
628355442 201589
979650456 206529
933547296 126812
688862832 98087
929227376 208614
443381039 346854
214233167 255902
940360134 308361
346700128 77704
187240127 380456
549535396 193184
825578780 612642
688314459 211750
676106495 217380
164135223 293452
316208713 122654
23326992 114295
537673975 73884
598555474 322489
453496567 194680
992315004 519779
387786309 271179
309661872 81822
189198505 117100
847668095 313630
111527734 406902
86411299 201382
488010838 473495
876637973 68592
950468399 105301
721384526 34373
130209876 228684
400715391 93989
639256788 392023
921634807 441947
440246779 334719
789354177 134344
974933227 192838
994476070 263341
236099087 959646
492971859 142723
819406910 36452
474682841 135708
23235540 2845
40140332 264413
553008789 395661
568573212 486217
376263425 394336
479868386 23142
351475669 118158
552143617 159035
972378863 272783
201611706 107201
781654367 363055
728241988 443899
340654039 204806
337304498 103892
233699391 54211
465237184 164176
219165317 398492
944772583 294251
761710618 550327
628933130 262639
296716957 78549
130804408 229056
194443512 156011
708674917 230851
26389328 163371
92673870 69571
364847362 158553
433497521 63264
816548694 143242
510868452 203938
730024282 66652
9777590 47900
114037726 252455
477382087 50537
418473390 105496
6131698 209717
410518227 575266
606807736 188836
849995166 78070
594469868 259086
335473800 28235
885366475 160738
944598004 373516
51382959 98321
564983496 704098
407464056 268913
23498637 144593
919678551 231369
240207486 304923
706813227 237707
885740409 432250
56526555 16608
341165426 253487
511904429 86766
945304682 321115
527100489 14504
733835875 356312
353567748 248417
459283737 167968
255116454 316382
873646500 324158
884386286 194010
835716020 303762
191954888 105917
118141323 502570
740545074 69591
13634189 139264
864537584 250680
794232908 197057
702152576 438346
446262100 6264
579129941 15008
563067212 101378
827671939 212301
148863128 114053
596898740 242227
360029786 177413
461783513 442356
370598808 240596
829814296 28375
475210998 134550
717878708 123817
895669975 290696
710873496 304563
195267932 103915
853153773 214917
783817319 125752
108860727 190661
276526208 183161
733607785 471748
620791751 237934
888890383 88578
924212518 230393
688224546 237348
74126758 148612
576988815 306644
983990977 279793
549286806 148755
921678393 719142
878068116 173155
721098439 156118
484889776 234822
740676577 124434
827423673 62385
942858623 56500
633768700 151667
481322270 370338
957671319 219489
833945717 149166
9352656 52911
158090475 393015
246680283 558532
761372481 227171
820189906 265009
428676361 15131
339714801 95038
380614293 449050
33179974 129423
482155818 371985
219131549 249865
870903571 143203
251174366 330962
231119980 770990
642047015 515328
78228723 198375
958909104 269584
298969681 134296
649583252 137442
5861902 88084
590378959 209815
148655888 258978
330694826 459176
104398836 129479
604331442 59390
999073468 255145
356991671 41234
242919745 83132
427854812 100650
738389342 187031
846653208 285050
591306353 360660
51735690 132092
438209529 871920
754398303 103938
657330390 57071
422530156 1319763
426268362 137818
563899162 82507
100311372 18503
337363248 546670
602667369 73654
632519970 242586
875264268 62753
709766838 80293
540739915 79762
47030852 51269
470564008 159125
163350262 569434
619563506 253853
182672569 254017
90609459 252414
373462831 146417
340348610 292431
749637112 126667
234563752 159692
859910880 87528
501472722 119595
693711062 285575
998048058 313436
258103154 376754
2705588 129204
251250733 693624
712137233 265687
90514829 143533
963640217 225994
531563323 127498
842207887 427144
224993942 172438
523012482 273447
80339144 166299
467912875 354206
159646350 269077
940829195 414807
168760727 630542
328918406 397747
31494166 130771
229228168 72448
319604601 268706
166724972 99124
496077976 602928
209702693 50706
981802893 517584
402516126 208009
808714751 176618
691395941 153169
766331354 530549
521781240 54331
671215446 156598
384649032 198238
53954793 483911
105526636 128352
156533956 277648
47734752 484119
545054883 136305
525008476 134813
926761991 135866
396928819 310480
428832693 230584
182049512 355408
198860855 156956
476150668 287041
13140288 416617
55276474 129784
16175155 67407
609249279 59632
75150280 323122
635680788 152706
129185796 142309
627876759 388822
794205542 71459
630740172 214266
144732806 166627
138584590 167913
334211518 175563
606320110 335924
652983379 688220
812583947 230171
363312598 224130
695039414 562246
473213422 202430
310021148 120864
545879733 224512
376239422 112248
614166032 23522
948797823 199420
32418230 104581
558406019 63295
438016857 152860
649773667 370445
67320562 151479
250972407 165156
225138056 135193
651455954 138797
49749088 98264
140783566 169153
705343644 102070
261054195 24550
630926397 273952
548941884 182373
810183172 214275
310082040 145160
957909502 76401
359004688 47923
793229292 348785
981747909 137909
504459939 29061
45803807 312531
792407009 337602
420585669 125475
105540411 217599
114454978 242608
618688057 334722
99938975 64419
504795527 82864
66147666 115852
364314460 84995
637580285 390589
806700311 124706
221800765 172862
206234049 90615
969966198 948479
776547618 302552
694379136 363319
233767588 347485
387670358 164996
969124478 170343
882196296 287732
458026235 31355
139431001 98239
157434275 288516
420507876 30641
576601072 55087
218736352 298960
609313992 37284
668020613 359340
98180325 292138
140346324 202401
338346179 403750
748159881 336946
603009939 172534
811283781 189587
671123736 232732
170635630 18225
631909277 246872
469856381 163142
184706130 397897
413281530 393426
196717746 56719
254801255 74606
918903485 459389
513928195 299342
295290542 276944
694830842 221713
4117824 120741
102661620 310869
759954307 482147
4611814 31025
898171388 261252
975575602 245554
713013726 35612
479941520 253060
14671138 140806
153159920 563942
75146494 25822
148230865 609808
960328333 160819
435862585 161301
897324118 101576
221497804 255263
887367496 50163
63355354 99212
475252708 102692
127449074 4997
903828691 76137
554797142 314721
703344322 12969
599963213 179843
162761305 87741
493235233 140742
716741730 218556
136476559 115056
745154882 199130
374560917 493396
593194031 312168
116076053 89909
217981083 423115
492000070 75895
58727143 449155
141827041 155089
721480340 41500
80025938 167403
432442841 404950
726179201 48875
14765011 103193
62675804 140376
365060474 276931
771195721 14683
890001392 155699
312079575 232094
907748054 636362
298564967 148643
405184954 213313
967786615 825007
179674267 144263
783990491 361018
542036646 649031
25221966 279213
106953479 49313
435199620 28149
915412502 132261
41940319 98450
624459001 666127
883539825 222836
655038990 36217
146079189 77753
86802773 160050
108656957 295822
965283183 412859
429124802 507348
136897669 376947
250277776 283259
271947985 106659
805451479 386677
370364023 61864
82688233 136087
574962526 225308
188035656 134457
36289566 120946
188401514 48997
692403475 226904
971936978 401983
792939155 340268
44849718 176716
762197887 108273
248715572 238282
309742476 74516
903115014 39408
738718258 128931
809815371 435402
831732716 293258
152321734 357732
887896639 54817
451303786 594881
819192584 249730
973457440 379274
643966842 320396
996046951 36750
139815233 35976
9052390 54781
19419582 104861
930992936 206069
813305344 96996
903782654 99454
901528331 301949
282726959 671173
533878351 38945
386546677 358120
936521582 589555
335548157 138901
957814730 140873
412475939 156067
417709514 433890
59315441 43449
852590505 107857
71710463 12468
134384484 48773
991084541 70802
145117373 182450
343059063 289709
190000441 240638
795312174 363390
365325833 29225
43319362 209121
392880564 227947
200466067 243385
739390448 540705
850221968 49731
145005708 113274
384143437 448762
410878698 333626
254868742 204211
325522986 265906
558858967 446756
189292787 91762
222906746 80038
29039560 146935
154579478 316357
848017784 527361
861295953 235974
657037035 338149
798450703 434048
331635522 299881
166484573 136930
694765783 237364
273745051 103211
255537549 135275
35344311 93087
995114044 177004
33035200 113017
942492060 39482
257410756 117600
707975762 125084
979458215 239231
833557285 293958
17548223 280017
581324684 84599
975425320 227535
462823575 431243
213383918 57334
868516212 101781
266518113 346073
912027616 109117
83665699 232637
265666245 625599
993311553 200535
817143397 568223
918103191 203497
375040346 68746
45505976 294794
929277956 490126
115265666 77053
786272343 289620
780218425 404488
360799543 250115
881430270 165629
741403705 310118
71125522 52015
62457056 74037
464317032 315940
386679132 271036
551252223 46152
764639432 222927
719664312 1222651
915478393 76924
989690739 381118
898552263 456333
154082036 11097
440134188 55786
631302928 133128
912086688 568083
871855852 496685
603163321 152830
643113571 497824
716320456 318638
763992380 173010
968078067 626070
953181551 88705
830433013 274951
364706142 208814
175818686 70454
925183323 117975
609249387 71613
984845808 342750
217175918 18928
482549879 30242
191758009 156995
656789539 153757
47084 208472
879646944 339822
526869687 120642
975040920 185042
563616778 140918
477002457 153067
776416465 128196
558481750 400346
863952606 17108
717796092 87416
545600020 256830
832157242 159611
969335191 220630
480206141 317351
683853324 118024
506210477 129969
268423308 211487
543912819 179717
230753895 64722
641490371 529243
965743103 786334
255371218 147635
641370701 904
530793464 42760
54549674 330624
770925085 107504
395461159 77243
587885817 46481
160702351 242502
628589420 568311
962347490 255978
516129166 227868
852982232 226847
76217213 175525
522458604 109331
179324356 106416
629695007 542751
793358316 567030
880178268 628513
95567854 87909
466449075 54441
368707148 165696
773635047 97011
590018630 157477
485104724 27649
864948063 200687
63415217 140320
910978234 759198
20059390 70497
983602646 345480
911461337 607924
919893109 194260
436067939 440651
106175925 41058
709715563 37134
986794723 87479
359783799 244313
229651882 564708
908549679 293568
275152065 239722
314450666 158932
945849267 412721
416397748 431223
215728337 137851
871211286 58490
894221891 40262
21981609 198926
106428215 95860
205662959 70056
691515053 144590
706213196 548198
406062971 398390
589386040 61085
132223827 20928
565866558 473843
214106522 163156
282545215 560938
383332419 1141861
531218265 144697
530031853 111872
283971881 172680
586566894 377154
810718564 289567
234059479 106495
83375172 137306
459919219 102892
523279510 196988
68192549 105405
301044563 113057
224589562 256298
14818679 94637
95788516 133848
908308106 274126
77544488 90275
486273525 347071
856400217 501685
270585078 491308
179218499 31570
8770748 116049
728079986 318917
47145230 236544
282051775 253493
710443870 282912
834649365 202721
432149005 107922
460509194 204975
100871295 580899
362254577 198983
48776221 78854
280761721 483494
68055425 159357
366838386 155903
982916423 291998
294539672 338523
614547703 652009
822196224 472058
224701224 312265
679383072 137345
8418014 161649
114092469 347326
458934177 229765
542849061 469615
745757298 486357
828843625 93732
356921367 90975
123739622 80200
86494591 303503
927189503 470593
439511813 349532
362661999 20455
81635588 145653
301585692 121221
976197261 607684
858020324 156881
963230066 336342
963569311 95768
53246638 296366
70817428 295544
814981372 5694
896616597 24832
974063570 317549
298848261 111902
669939541 50084
472698800 485324
638532321 463789
424720698 179459
803064152 176208
90352205 172004
414860557 33099
951372423 415560
375845760 264183
584857942 117776
902913765 140170
901406395 92351
303773062 410747
93984523 225498
377181557 166015
111988581 53530
246155515 242692
296030653 130556
34677921 80042
335334916 40197
465335042 330195
433975778 162175
165791712 28049
507980794 231762
217777289 127898
705812508 370677
931837742 90293
426965266 204176
51726694 48296
757156139 643731
140217306 86759
99290544 249224
746201468 85014
349490717 153944
307306289 522775
70010297 96882
474478995 73639
442184526 485737
874596121 310939
3414100 183831
421074961 357211
261141939 240621
736167091 204361
859711968 193385
692796553 737109
145924008 34044
144531063 166819
249009212 532587
815451603 495748
93071242 307050
771349483 433745
611194962 203597
836537620 87234
188133837 73558
872890906 355926
861003970 250942
666634513 452566
156388908 322611
192643283 788270
998521208 198304
977294311 206902
212747090 101148
74621638 107206
478805834 485200
89779880 141196
653503847 443927
342976297 237882
72009152 273300
606502272 366340
144937930 26001
845126310 121679
960543133 276756
4776534 16056
214967381 358071
749829337 305502
225509645 348431
544221761 133642
927832056 935387
536284806 66259
363699667 395659
537435118 173173
222255204 157090
822110339 117388
195676370 133241
646374640 1095328
975399805 167771
900520477 108605
255473990 75351
927045620 106294
227585937 748021
533636546 237637
44072054 56100
829038474 513792
364438196 53221
59088135 251820
401961424 506361
258432274 283353
467644632 182324
855048953 367436
803387401 192609
195880113 277943
109652365 656307
999382049 176537
824632494 576491
947606689 562278
695348550 293542
292747806 81698
641378066 97137
841657382 167408
197931202 301578
855938979 350043
769534752 388741
743382539 261991
257220155 118549
455644199 222720
543398841 404905
420171923 203094
217266209 21306
476411870 146149
142330116 296326
49857715 137064
818933466 72833
708515539 302210
419531977 217708
3676753 167227
879918898 219332
44356065 127686
67944056 41631
105660742 212184
887003484 216821
597356399 209491
91198082 476099
302992503 244546
343257172 386939
927046478 164060
129865251 143501
896397185 225835
170517042 75617
377347961 108810
933557487 505069
173790723 725295
525392232 257943
677862380 152035
501610299 294633
588810776 76556
393890118 213468
838827754 401655
44456442 84669
819723799 117973
823997837 55781
636133149 460862
892745764 759898
502506742 698574
330583021 239649
687998837 306793
90297188 150592
847963611 236486
625491543 215792
798280281 59263
357053532 21334
821096795 74155
64898806 432076
863436348 512378
423953117 221877
545437822 209675
49557655 141288
274101194 201423
120992975 15003
108367394 392390
286193352 461851
48745694 105016
980019687 289481
939067666 391635
126215421 183502
36940217 201836
773780229 80593
990685653 146342
152891386 45100
605255917 234947
92267923 214838
212527825 200107
141181703 307220
939391503 127768
890529799 117260
75711114 77841
776182520 238127
640825582 350268
330334677 198892
732221652 105309
803641115 348930
145693564 36717
536109479 37796
180711834 165549
519375973 186723
427376501 435898
67791538 124996
465088403 34864
709069657 113684
607056651 136471
125743407 195464
618985185 147735
251912485 295963
6242907 308011
818748682 142270
897596086 402185
334917211 318592
139562893 54371
460438778 139672
30108344 12865
920807489 868838
394611499 155478
166864210 256107
714389752 171835
537257039 96267
763188188 704256
110591212 151800
424675983 8193
495271710 74177
615691187 322136
610053422 202649
21123221 37550
731214332 120156
107907812 60213
806869001 82653
896122070 135041
599685926 40153
796106160 145538
202814815 78905
418612912 147339
307980074 120464
217479849 50693
833034286 162106
430630710 45476
521852147 270191
774627100 122607
14267242 339266
136600549 267282
146475995 77096
468999358 807879
202587131 80086
817614961 192665
42854354 29026
512728247 10089
249904690 169509
40910687 375923
655189967 376236
293795513 196931
242683822 287178
516901013 274243
794444009 295666
895976378 3706
30286647 45771
51410321 271362
711554860 573465
314774665 74198
701874176 88092
237634258 175552
225384660 77070
770331197 340912
868581809 150947
110376943 121370
594138800 395472
70577640 372936
901494739 47549
658931980 262351
698730764 220119
332890389 292758
655904105 383170
473964653 352007
647482359 101724
251072765 69864
613235518 108289
955992740 158877
33951726 269211
151327709 328306
484832021 231010
163844505 188738
93704033 237453
994324971 333399
154429237 103422
442711385 177231
525640377 297685
290893866 342500
18136155 7213
812211903 383999
105139419 87434
789444107 477007
827978029 239268
58552707 359813
117507321 129256
849751980 236756
88418880 118356
220935060 159484
245000311 185436
147718626 238764
703914799 572276
139450336 132831
899074243 521865
277080695 32871
378061886 406526
69211271 220404
973019678 103592
402876118 364747
581522299 137365
896698966 84721
244547465 192190
57737047 101390
518569621 251388
779139901 6839
109935842 528647
373986766 503344
588098325 131899
790585428 416841
477736009 153245
333509652 132048
115569970 149172
298624676 251850
806934367 337968
25972699 60035
542510988 550388
697197542 292594
757807131 673241
694043054 124403
615360496 107150
299154217 340437
451217228 15884
122312068 348849
964974616 241946
960810568 377321
974497071 339484
217482790 143391
111069180 73525
535102095 94911
436968662 94618
873127113 259781
344466727 71001
61571013 91851
717934984 277788
929679438 327450
73768873 41938
743348695 176406
519520928 76826
462153582 319689
743278996 94157
340868408 180806
751101688 189397
931359841 256714
129434129 139199
20965397 88180
77625453 122872
894408507 52974
266241457 267004
632835374 582440
46509557 248498
702082539 236956
90872062 324886
92810227 187023
74213553 194889
302140837 610844
651740110 374484
21055218 58224
390297933 41214
561487106 476685
183950461 498526
293471945 478962
138334426 148241
590688072 205459
712659844 99458
993828381 147310
104681109 154796
718936910 169930
46014521 139589
346833310 185474
551297134 107609
587708887 203327
135010758 143344
45035442 138509
974778863 92093
616183794 120213
754025565 181911
218451965 264634
634087512 220295
627706917 85546
320753261 174666
495383209 267963
493460860 188129
284642306 378507
118695171 100893
989378780 62836
534860594 268648
141331493 287277
491844015 216657
477431574 47765
225172053 123158
725460909 705083
433889145 110473
352456858 398155
293257556 169882
436806932 34805
28724213 403652
684655029 173305
594759934 255514
143730077 171445
190174948 364459
308197735 238178
449474821 220626
123506427 108228
208544307 118949
733491817 288852
418966967 343519
898981779 216085
475847487 412799
619942092 750643
437719205 57830
543747033 175455
182745934 220500
928516750 312597
973626313 377902
743667322 433741
152669759 128017
69002017 324809
552906524 273111
124727650 25388
97460914 200361
593719987 66738
715677935 421299
304474 397188
771657398 468003
625011973 261854
153563233 426560
922935744 403324
807663634 363971
445884652 130269
582954456 101338
304795664 235438
270012157 176089
347569135 91648
119857544 218419
158518361 79592
480561507 23616
521665837 73124
419978027 170236
581673363 390188
530847495 240371
570417510 297474
808230374 142323
787962924 441158
125318617 283994
445721115 213263
987399977 312052
640027034 635214
213258941 50596
523977158 38994
392274605 749839
689424519 323156
730303109 136163
492076002 57659
845540088 501832
890663739 504015
731113916 46074
291713929 978815
668843629 130374
334404466 481590
621414106 44783
387327005 6243
470814764 158268
852685573 80057
369555359 669614
255709165 173510
465771510 571450
41554946 26053
581327683 183537
7783276 220283
304639144 355732
941332830 213343
675739266 222537
972208084 214881
813713587 255555
396264726 156506
840644384 19641
409930750 233088
261258730 198235
924870062 325256
545304600 181101
562058742 468033
961945550 109114
553566145 480959
241472912 323174
705587706 173733
245563884 543499
437041486 165691
245645182 519998
296137857 76519
466684252 306153
583821473 291125
710292825 150163
103370834 216748
785476542 21318
458171475 36501
557293380 108485
201649741 100983
9896097 544035
223445752 111031
967097053 274642
806331374 263087
782685982 155690
202103296 70045
957973147 275138
205515779 106564
450847366 98611
202574128 4868
7111821 3319
421409460 222855
322257155 177492
122355061 424012
832216555 424295
511264771 313703
905607333 47201
134028968 293904
168449492 776055
268083393 75675
503710695 114081
518262272 41410
524067941 416347
456841812 283036
475448069 70530
439423452 216354
373223621 215681
303393288 265879
532027366 172494
878129280 136679
350674173 316634
890556053 188133
126529757 2803
780071854 422662
924550906 39566
639939535 305092
538974002 317140
170311992 150665
381448428 465830
518356977 212392
323057377 281659
713922116 166711
196477666 26375
299959280 194729
285174357 143382
700712577 195665
805785691 399274
851473696 469780
772675932 254060
998318338 151352
856503789 550175
668690781 218076
217817708 369772
492119927 106942
946754745 65015
834833346 489327
176680735 270341
875267480 90484
713902569 82958
681340876 193992
459225187 135013
752984926 806642
522682023 153143
869000843 412765
949617697 185193
821828538 294153
35420284 178049
345747055 392410
141146275 148061
51907903 327077
172663476 174066
512998889 422388
722950313 288142
774093934 188758
827461317 198166
824343485 140692
7678599 43709
394157598 136103
955575600 270423
303519566 309675
129503395 348306
702418570 834286
414779776 81905
174280443 371277
981231473 238038
647757365 207807
678828318 407200
610893038 125041
339769350 260666
352970976 164772
125104083 135115
80593205 516367
199853230 328474
106888531 66505
780547066 175313
508272266 488046
465467459 426340
18394354 337185
517351688 775154
94226749 88687
458147102 50469
599762244 112764
415320903 196361
685941017 593543
671400828 397131
837177586 150883
410378575 104252
10880732 151055
450200001 81148
166405922 79696
614097880 70863
885728084 123649
166851840 126559
102485901 207288
476441866 413102
414697323 113176
671462325 425700
194670310 333167
157877288 205108
627853678 76793
2442042 176066
171138046 180022
426780016 173633
886228244 221604
209952717 82672
196587712 149991
78993762 232470
92731059 80401
529437062 171475
620034420 857038
882193696 193703
618671652 288191
674599643 22036
379839168 241003
444019224 227303
761509275 376603
9020948 7257
940507187 277800
775996445 185102
508996269 542819
652263991 116480
394729564 45692
92228373 78412
579277940 468154
513711781 422257
974860303 92882
803565512 51426
54444985 305703
611902620 580922
871953044 893952
360179974 652725
798281342 517907
760348040 342846
39564033 208282
566369536 576230
353599948 423965
955088623 124931
604208625 108052
16173291 66175
516069923 241268
189420065 63715
115370248 181065
610236580 223682
440721321 512651
783007645 33327
690861267 65495
868851144 228192
878936895 225956
213442676 345329
970991825 128108
313482729 218490
697381011 124089
341507724 394303
750403024 393099
105052895 80160
953973994 510727
791648012 378369
559306556 65862
10510873 110543
825435992 66147
775860513 21794
839347671 115702
9840034 46731
664241859 130044
88901485 232273
515171721 258328
268179897 140028
523677657 154336
909293557 146350
226311279 9943
669708605 88209
564174067 373611
513096764 637929
55665649 321011
278254067 87206
681805767 588419
120758278 92308
573448085 390432
221355090 360826
221139523 346876
530778141 20446
710085063 170612
3326451 118683
435302821 51576
762481471 169884
206321837 672846
738358254 62729
961309772 340239
652541147 783897
254952610 200450
170336344 172131
91655863 236265
67266198 9525
27137482 542563
311359021 548438
469495149 441039
52821077 102696
675406660 383188
680299506 295484
743560844 130909
827874682 52828
230337370 281169
236970757 250162
534177139 121218
226046496 239350
44181891 188873
918635837 293680
529704388 369864
413615018 132904
385240820 191815
583480712 400904
882825682 634078
759702584 11793
744692145 456560
313816817 237789
161213896 542116
920519679 19971
936420135 368598
468533659 18910
11286629 264470
20132693 104314
898328258 428292
886184675 94219
239117428 202079
610323424 338154
372872836 121858
618495033 27255
952586346 373289
54093440 390285
477078545 352693
238216665 38187
745297934 70948
165110365 494422
191715079 130472
9809502 53599
473400506 69546
767994176 509
17533279 136753
843057382 493774
187606652 112940
972878151 179377
368387965 182188
380238716 188542
13848211 189683
170484356 37603
384965318 222630
907188968 771643
977994728 240917
593096900 118213
330513336 139259
373821847 184973
176070629 267808
146218413 54881
541581617 307354
973156792 352116
374088203 593210
763664160 394228
3927064 67445
187993626 69678
786637033 76690
149362972 261611
238034468 198986
260259702 114634
990229370 103833
447358152 405467
739104675 26480
300432576 298225
956814454 1361
6911844 196916
37531445 142017
583386236 225862
978462 104303
822702724 27324
632453090 41283
285793343 280452
938708946 382823
189739444 303458
904466447 442733
665100831 402950
118948335 217519
751835019 646697
346942048 285550
240570911 448693
127098801 263635
636966452 390008
916980707 17213
381909471 219195
896635632 15552
612828370 88609
367146905 86705
67122778 75443
349614892 48155
165058779 336130
987398697 68589
303081833 377316
24094798 277573
272661681 216686
458610836 390591
59813266 80797
11753244 213715
84865001 342272
649508948 158352
434082255 395692
91797561 177489
413726222 292451
777106284 125863
616380244 101686
782780628 125235
618445141 55682
27886515 309386
609640615 158997
135295429 180860
453813590 437607
132259604 135684
411915235 293485
852115305 491556
416854578 188169
450769936 130904
417223893 125994
633867306 135275
53728633 116080
247539236 243333
381294642 548619
577489277 157838
377214816 138950
375569052 439702
471955665 232881
502023646 326465
262938554 190839
834117281 517004
623319889 377993
23176671 50337
614362802 302956
434707295 330095
314277890 200071
361171647 135241
287037436 62111
414982801 140595
683433325 72858
26552796 50073
43392794 299435
57107425 250797
822702128 26823
369953527 286676
749102981 338877
358362919 610485
43233661 127582
964168673 113243
741388012 25015
734150411 155912
138043205 103664
746637995 68738
218424406 61959
285421511 149778
183743090 267034
190508116 97557
339430591 147663
355036133 178618
100843340 542887
723651872 496817
347985365 285815
574300888 188923
5404248 118729
79718191 183434
530203285 35197
543218694 347066
675842187 389184
790161164 58974
526355210 77831
570177598 224675
592674691 417014
537520724 218333
844468361 477736
607932849 467116
996708512 251328
790402850 170377
478167457 340311
604873250 455216
284450671 392729
45718886 268564
164978412 100422
869470045 203167
902037676 156879
774753767 88058
238458581 112243
62954027 321635
645306275 667985
417249557 258453
450510352 249554
648817845 100775
736554255 146727
208453928 140874
718490490 344845
15758146 201919
501162516 99579
565734443 260305
133832569 358990
98088561 255782
945828573 194895
932091886 301339
959686717 142362
203537958 24518
175990485 131048
506975366 542994
95863827 128083
797190155 137354
650683678 196227
759775607 38952
51235318 5850
667956117 125541
771213284 87206
525764425 228648
193064779 888466
491179700 328128
74587975 50090
785164734 83713
838329655 429693
755647442 72697
155065354 185857
155803972 354688
535184203 67075
128723889 186893
975811606 284483
112240326 24575
155104808 243316
797560112 358186
106005357 183885
104079575 172766
532013442 131433
200318839 114568
536856394 56505
44504566 125018
368934482 411898
603386856 323340
617010324 70304
138163498 89553
50508222 36406
888838283 85711
291527495 784248
741624245 395937
90149599 169139
868256913 78213
914888404 132733
977976127 152257
996004098 63667
758901939 282461
773040464 42063
31033459 122409
455021831 97188
354184110 578153
492481979 312694
285570237 130247
107974437 105099
573129489 697051
392137692 77850
491713118 184125
842868928 104300
642622333 255436
985960077 756885
917954752 111096
421760118 1260442
101916754 127221
133654228 321589
368582366 82626
991284855 189391
471076935 450533
225915359 360869
998874701 410119
305244954 334875
138116304 82701
17097574 21710
76041397 128690
261517557 204172
107990203 282429
136232856 188632
382233208 230826
104583147 188411
498345443 193167
946819670 672608
83478813 116466
814367833 325838
648762780 94774
609390827 137903
700397942 499216
325936526 188879
161874373 301513
137279963 45851
177336240 579680
136698243 497683
660350676 663203
264628255 481104
518555227 107366
79080423 347412
985859747 342608
758511338 276164
567760764 491432
213147921 52318
859448016 208627
135513154 70009
690233383 277590
656896126 377927
253320517 715807
547771415 335483
340189159 183105
29315798 64712
954435986 421575
34415434 92448
538784713 237389
394085282 37209
111943305 65320
125880075 67347
602832103 90687
985287940 208972
82213357 335742
394326572 24053
878510563 253687
947521481 356538
29219072 128871
302746955 20860
314277582 153370
178701770 233140
404615792 369431
336653473 159777
703847268 52526
960931756 350364
149834145 375489
959848821 404024
1782306 326196
530875364 385433
389428131 554523
83974558 100164
619180290 47540
352734961 215797
232747528 510697
760975923 200053
599824711 65253
531688772 147490
706968868 189382
372704019 226308
493588158 99841
962887502 104490
957118958 299088
831282576 81742
66400712 102933
123863582 102357
480736514 376252
169803796 455078
436280073 404282
878720930 52395
395790461 201091
834096853 67512
61671105 79288
280173772 384172
54802048 188183
736772195 283594
509703255 139580
356677403 232165
729771923 269995
37304341 150131
800223549 66245
971665120 252406
514649991 429398
365896794 123301
109649897 65477
828084747 221063
621508367 829168
213201435 86226
99122801 219362
96579103 140599
623875553 45346
929037871 171748
761236002 174820
488500155 420623
143950290 285456
935446398 306607
341151949 31717
311006667 668830
32487220 176967
619132858 40400
12061338 133771
150648085 272556
52966959 80409
688980253 420523
670731796 102286
799882002 305838
271609567 309162
423664915 270809
35019830 23917
309096789 95188
84448699 62647
533348379 340792
641956453 153663
905044263 74731
97232080 112673
579872217 62382
34819229 183499
681602593 123976
390349872 225010
97740779 281954
934196543 762514
297398339 251462
762877994 286920
974045185 96175
334379848 98556
317704594 207458
732832818 49021
759409991 7034
240149384 304123
5830130 56711
630035886 372237
780767990 277024
660317532 72669
869765642 658339
366208519 215850
529565274 65035
50792438 138703
574878572 236472
2222891 72308
78536635 153763
678089814 52895
89641884 39636
661175897 486664
820031826 10662
656358881 260790
729492531 353118
50737042 83642
842632648 262002
46197616 234227
113587921 293166
546897860 513175
139604256 16162
764402080 662
376055372 152667
764442916 42452
937324703 261089
607137515 106455
969835639 277184
810366088 594165
558108698 140750
856090857 405070
328283916 304479
699057592 344837
807746413 476870
538114090 825349
604814109 72038
50311803 149834
656596984 179875
789929722 190138
774549287 162557
727164200 81782
426406792 332844
32659223 114239
894521658 254110
237183930 349170
196944484 101206
626172800 118144
674189225 380439
502367678 96536
806647204 116023
116426029 280481
627769181 65330
655751413 417050
604351137 330316
634985515 170080
24788735 183201
951291453 220424
632558267 322747
298330483 98560
212387561 258810
683865478 246122
138401959 196202
592330018 349302
788669892 375020
385972981 492130
634849631 30577
424983059 853268
528986672 388353
629204292 279396
585454256 282193
507897536 26713
74738870 354222
548055179 192839
811855324 251774
726872273 112090
62924296 98068
977513413 467973
930508343 171963
716146723 44438
211320637 609117
366619325 170803
102336201 80475
419875134 94852
322776461 254597
824575702 300474
926872989 143662
49297035 131656
4314822 128674
849634725 206931
250478933 90811
279151439 113461
759487621 16176
259958923 283094
313697000 113087
107732453 182465
49048888 184039
971293349 439032
923484602 363235
79389919 147497
670972878 152853
458213006 105342
893338494 225581
314652402 13743
453700919 387163
201054851 182313
365758816 216263
331024125 141330
2967364 264682
189534549 57476
557409753 198616
605828397 292907
42479962 145509
498778727 505402
663475721 403589
26073176 266790
116294800 57056
100045545 258855
36165162 5875
203766442 496188
866571678 658986
295942028 175859
136231021 76963
69884981 172161
611263912 412004
106392474 70847
798970541 448126
87551193 88507
127400759 48638
68332599 309670
654950889 124263
942057555 122438
752449024 114944
997521266 308605
695957193 620522
853209339 241164
285288899 41434
700192486 168370
754516768 210489
38466000 148627
6753198 171414
755847 90655
505994347 161077
732486935 219818
957395567 73108
660002326 285478
371636432 429168
96683475 112721
426942330 33191
665958698 271703
29953667 114315
650879789 487943
454549817 64477
535282023 70280
345648976 72419
19523578 412511
53061040 144508
93204022 426755
658379042 44444
362995315 399639
858736015 560464
601576592 905182
67048014 68234
480129049 332792
516992435 356879
959156081 361623
463171306 474765
440709969 285630
584931134 235113
285588073 190879
610762049 163211
532839264 367412
57814897 161949
3294229 62339
690422095 227333
424112972 305923
857592489 161251
366969778 225034
168123013 273532
280090262 81245
459671668 267590
602757331 35584
85833314 79186
891452805 564579
714996625 98910
473832971 213295
198737160 121575
428149737 448704
205059122 367119
430342204 168029
643587732 26613
67626688 55854
861090663 360572
385511981 489150
690598051 238256
34264240 243525
719051764 333817
97079227 154782
494383421 213773
160529099 3278
730499375 424104
750317324 165526
382329000 208480
988921338 492286
749904123 321642
768094717 147323
76316195 174090
178239408 55126
181637662 141487
914037934 714663
414652533 52445
665799078 123162
742617388 545027
100642723 91799
149183624 365342
877092371 412190
718883725 117920
256923093 11736
202824104 175330
94935219 253693
738911389 159205
344795649 160285
887750720 74856
112332216 115370
49476897 162497
733058318 57264
726836374 142421
590180448 369570
366448131 147486
585936498 583394
9397054 113803
505061162 232279
363619282 370829
413816814 450822
547761191 273438
272800267 96409
270313453 181235
30796024 341712
314940377 219451
915792643 138149
631726865 348373
97009057 73707
673099170 399103
62634419 63210
489969279 190831
602061985 605656
489333302 137645
439771059 388358
76154148 28403
641255869 51677
537930658 291765
991903766 392273
396211606 154961
87653470 145630
951647941 318031
437788859 125235
528251266 442633
611447008 299226
201233503 49453
843889152 230890
80430256 111607
651401825 125935
557651427 114239
395625808 95893
80241256 137872
264463278 184433
77913509 193177
589977800 131444
903970404 184882
679579201 711227
312399811 122236
751505822 664393
394776557 292235
94670470 159068
110558984 83219
111384232 136483
153762304 287851
669210898 158846
77468167 123983
760692793 423683
676276921 159292
814994619 79087
603262452 96063
918047403 167236
460772102 179334
309912636 133942
305673429 216775
751079219 133033
149727053 64586
280686271 76657
997498943 45447
807320722 131820
392274081 405962
558209127 105234
29751839 24999
452408656 89730
382499054 304369
335671673 225475
409626266 281836
483122998 255033
578051306 1042913
537847477 203625
731534309 384317
751215140 266317
474500077 232018
826600035 178606
114782112 173182
254412854 388159
674629521 154247
552643540 277115
666127666 284689
373728267 40638
730411127 399256
546416946 240955
139934594 37379
870008547 551635
100415303 74069
223832521 81297
728898437 529992
692121902 211675
276639065 397762
2323272 148598
472232373 365777
213010231 120248
503918217 326763
521801937 303657
20706432 310788
7337399 203429
361781838 404559
259817262 422196
412262962 221925
321841645 386749
376170796 82753
685244120 339726
732319880 66768
408970099 181648
126867762 169344
250572539 275040
131037230 575272
214837639 395613
161118426 257476
164748515 219914
524554660 50900
714477904 117335
645569998 524951
677618090 316622
231032251 504408
795539026 466278
348763279 274744
482648143 359120
567647161 50104
879537182 99849
775888768 285744
27944591 420892
29388229 98423
403247882 50702
519635472 164854
356558587 347857
995452757 527498
580756565 330916
103582593 8131
773045388 475286
952722010 286147
387561318 20336
931900218 113567
678319664 94246
785639394 53401
984617813 494612
226684644 78623
349431018 60773
537331508 79746
103071658 296342
342032359 354184
408202926 356100
485558834 218742
198994468 277139
282421916 186159
764178956 182570
56160876 38148
725169871 87891
855781466 222026
89894149 92255
330217208 35086
375456869 253597
3714958 133220
360858473 295520
584379854 527808
161672983 138468
319853860 98073
974226283 232486
774088947 33097
571592369 641382
857637317 180369
670486235 148476
492285336 450178
887415008 387946
140906569 232962
964246494 383608
233707976 239419
549164050 179452
194301924 17770
192505468 463010
461611496 521379
26329613 114816
905174883 274781
174552743 453323
736253370 192483
980399964 245093
456792752 53284
524566743 88700
56551264 236118
493838390 84243
290598852 580379
9415953 188955
987945179 368823
914574958 344565
508081411 353942
159299606 149032
66865603 94179
41753829 177240
111134222 15617
89739885 86831
791140999 291920
25880089 101975
460206595 172709
797875149 337028
123486293 39123
452804086 24556
168181103 553807
122242007 64660
893589591 35244
150765403 391463
273528812 210297
734404579 333417
189555447 62055
467703112 540711
307888284 170461
924480904 104943
107592474 203986
500392651 149619
960017131 267737
499672981 307594
776913822 121384
848250828 620273
577667608 110081
635490697 153979
945503101 244831
191956097 419736
54894206 344511
75763478 78054
247146651 349776
705443428 265472
8259200 41922
777534982 32942
507919825 94890
442772748 208437
924669158 137396
734221299 230895
229537027 83631
63852265 227390
549922717 401334
730103769 103159
278855631 282162
505617973 385684
111208384 27584
732414099 127844
515927920 67695
833496219 8549
866681829 1158449
110751505 168078
13736647 158275
61914467 157762
536632320 67579
603573019 731261
332883842 44416
309825417 163072
21732821 71978
865632220 583330
93587881 260245
539574935 243459
953470909 182469
47074918 231295
395720416 254464
197145281 636847
208732268 178419
78377568 50713
250779857 102662
539042999 472214
841039728 151934
322516677 26344
222396439 78281
522993122 58099
228476146 295814
313832480 252552
561776062 715789
795692484 555061
79765228 249294
609774629 426531
675041821 285414
5053877 157879
266357815 295475
671901990 65805
196007325 311318
508849776 20315
688955115 185876
868643461 328065
183585267 93511
88039098 115032
136365076 61859
919227046 321425
475506793 201637
811562158 230023
721982477 405620
555625946 649839
704167197 559530
903698945 93941
503768607 389737
869697618 104821
284162448 230912
416208596 185717
41413281 152368
791051228 139106
189662531 85080
789782552 203268
162296855 469502
285011193 181428
402650808 488573
580598360 403579
693304122 351240
996773312 385615
833116958 149739
683041879 133457
806839993 82513
34819118 48364
627214706 387338
554070999 255501
710904014 444654
161761876 97932
270455804 293513
597921707 305848
667718394 122367
81675876 211152
801934680 478955
634494595 78158
36171303 168350
906925900 263024
559369175 126532
61921591 344084
171239248 154393
737566297 662948
468622122 261960
473519395 98697
158476930 79631
275454262 694323
932392557 17930
388180823 401884
772804572 164049
540748597 114900
81489682 122283
511184846 252883
967461255 548194
15667251 39170
858644597 309733
115952692 195539
548893217 134276
152243132 388686
72798879 88938
250104104 356481
81990193 303628
794753067 340829
4785452 137024
181833045 176951
444951687 505122
260847340 101266
448320545 296435
144994628 50294
260440029 108137
145255237 242630
98909139 49188
487787267 464203
481679114 180875
905172111 5289
811488795 158816
231982089 390691
751295293 315260
301518996 4220
485518488 80194
8291992 98172
249553663 420159
137356051 256315
127305960 97712
87346591 51811
93900936 180912
427966145 241119
123650327 102042
295201956 662
657939777 308088
36693275 240019
287962490 681135
841458950 183217
216836430 232080
242165787 217145
941834598 323562
831543184 295260
395559837 101613
528593000 183113
185393737 999104
757120592 167808
209139444 410852
70477524 110290
74655335 123930
175318280 467535
866488796 59322
610585368 223215
994300780 123806
483339831 247671
764978889 413494
48242492 311533
90113576 105258
766309972 438963
689284450 258336
510628227 196753
828370726 237660
978872618 130977
954552657 410270
433105563 345393
463989029 254619
77122447 46723
771292251 342558
609546523 51695
64504911 41936
778367893 305287
85673784 207559
709416302 174210
176868220 276165
799713451 164359
104239837 99870
936307706 146673
60573736 525662
396373845 358619
848892559 117422
244204568 324043
77333120 175583
135990185 159864
30366496 8511
591821685 132873
127486103 2660
60364963 115757
990307546 164845
878990579 504041
731385377 90221
678394360 467052
500405020 213867
902147515 226104
757732119 291358
796482307 131361
692294732 127072
526431410 143924
204092435 275943
452485875 115554
587317845 55311
857165057 372934
164561908 257529
754561019 395942
939707734 418288
220516054 334192
932460112 92269
407349111 272614
343971464 128710
271378327 413918
754298829 127803
97978478 52048
332149528 214011
269499775 533971
689644658 448010
746879336 739158
743736911 611193
195793695 108545
323257723 161025
281307496 707235
244255427 440429
555000903 303028
670067583 164907
335300028 36364
138716202 265505
373171983 100125
696764610 144669
132891851 62791
284344850 200758
706583000 329752
564906264 341267
316107831 98081
351758742 314634
870845212 161699
21907282 159197
272048713 541278
487593050 270628
778724558 270891
977455220 114276
922753978 186275
164531858 102567
88783063 304426
988386031 241881
700308151 288183
736487593 137497
659896151 256639
361232191 466611
229814223 561997
880832815 370229
532324135 662990
888631304 74029
481175723 340284
903655333 15039
66946516 32542
41149251 178647
950933290 87567
637191330 699351
593948517 20233
521550551 81374
302881341 94246
83251857 165884
35778309 309521
658795733 166593
905621289 531523
178563950 13581
884277278 64465
865000300 569312
750789039 236472
120242752 147990
159395000 126220
255874111 45628
739045246 45485
455707591 289572
389771875 228381
607259652 371602
137216763 67260
590870606 429956
834343511 436933
963097474 132737
181180116 157510
279588965 220540
399709627 81500
120200486 56421
37506402 34438
781018539 270593
837927438 455651
125985741 220289
270970084 602911
963397077 216109
862077256 664323
756554659 122840
701456616 361854
14435 234354
941561968 413649
672025981 367296
590550443 302270
643644569 215245
258792075 122865
600159237 1369331
466588157 124164
576670456 228262
278544689 129588
176273089 351413
216465769 108521
120190941 31505
942726227 85381
507401180 499356
845675826 459330
77014957 129810
999298896 90496
835144549 207627
699498078 226491
631403331 48872
313079337 323922
665325109 280096
654715167 220206
634423799 98579
808175777 78955
882613931 132934
755901188 311686
717552501 56818
903975014 353760
45130141 156691
622811669 189136
493297889 224277
548118630 450141
917053683 137332
3856365 118943
186919961 73604
695798409 34439
179194068 28035
50175028 28534
253176064 258235
797124830 79856
850784089 64922
583041660 25192
147341266 117934
128793867 195010
865230176 659593
178263416 266191
779351030 456621
115487366 152048
454175757 363454
94770354 138115
667778976 156429
336861163 39742
442683602 68834
486341074 340667
604494463 263358
418162151 290556
175960020 13828
575465196 223864
633972988 100406
399789425 223863
122112176 90970
939746033 625513
654271046 214896
769020643 343886
86946862 109441
978500875 250915
66631346 193359
159506283 144070
602723197 66340
883800947 88443
133113154 158159
987852807 425361
488949096 405907
791513242 101558
126271138 190227
913752942 267246
277256064 930176
457346053 376460
973925155 95048
123801727 136196
45019935 65821
942644868 86640
859977777 667182
726219400 360436
124743962 143307
103285236 87334
992071980 304358
894118443 21266
226712521 372806
588323391 200697
409124282 288511
654492804 44935
26624596 127892
437492072 158542
371534742 83264
154682263 260165
673000318 215822
517287083 275756
829856255 348479
986496478 321239
520965135 520453
117738746 85487
742225042 451539
333842152 421356
780631462 382033
400380988 381553
550797229 80952
527114781 414413
588637054 107412
600273197 1491734
949591260 41115
366065973 101589
783835551 289862
998375546 212629
198330835 313857
724964099 100938
86018704 114255
356152525 337251
210238747 49338
146236357 50183
228648705 529719
570556533 237439
83585854 31751
300132705 121408
741949299 109028
475163024 25582
738660265 69397
845141234 254377
210225390 61428
899707581 160377
202168109 359990
257832579 44550
139016314 133691
811759208 233931
250055522 58631
126714591 278067
948545922 183948
45240341 93602
325655798 412653
17373298 87253
654493662 300442
427829601 38756
190554280 63606
446918546 379920
461256072 138073
318085398 1404600
297064441 473017
949242620 304440
46661494 213521
382699552 373654
454743530 333205
523346702 324327
64365133 93484
455387230 275163
950486255 335952
259344309 75187
22825960 354441
540885142 527551
737183294 358626
290286557 165843
344932004 308231
880069287 74411
351953024 463880
234117383 124781
677427985 398162
812163943 376245
657737776 92047
61690127 101344
862009287 394338
350052982 361468
49963493 126524
289067395 300605
759352174 46644
591274780 29319
51818266 308351
112766808 81083
622478288 89520
43064079 104316
55379566 68909
152983108 12603
352944374 80160
884559867 129641
670410387 74725
331367482 288900
235128185 515403
701203904 213830
150429441 269541
537110637 168433
367722145 244373
589406802 422151
81296150 125687
678306865 42431
268592183 260409
317863065 298502
760556011 220586
463876304 192700
677398890 214145
845341427 319382
419887766 226894
490139065 150824
155596399 285501
864830633 151030
180438521 241560
267739874 344349
669830919 152226
700984981 113501
574177054 130447
512666383 16390
744897109 323274
123150216 294966
463345285 511967
536444845 75481
121054677 279551
851831752 489049
837722722 373851
905550095 68142
963047519 27290
754981767 16821
252885211 205272
487436026 277887
197811278 391018
133635855 161275
649478271 101734
7288744 156132
823561668 390511
329438217 303476
408401377 168158
619241132 190671
617163467 589849
797239548 205850
731551524 385489
122105297 56145
149608236 95789
880760598 438234
815658745 669981
214339123 425043
121959593 4906
328637853 397658
871494641 316704
219832401 355564
539976470 455303
30116676 69757
112425952 276294
543959101 392946
73888138 109380
234426037 191017
259632269 158137
130192971 65163
866056430 249802
191469998 104817
2211395 2542
686928251 1069506
497252767 761115
888069231 427895
887149576 252079
589298533 104362
330065768 125095
579148074 326206
676969543 301073
762327636 118298
447446308 873287
30155808 78486
924640559 93873
88709680 131342
635442614 187577
636709504 330366
117295164 62918
296840640 326635
233045678 564505
840575324 56890
376938089 156038
201493299 118546
65700166 37130
367555246 148890
980647490 342767
126653672 44435
385285242 645689
889974582 136125
969186716 225144
124101706 36787
410161105 7785
274268611 298318
350972846 329300
26959815 503127
128257641 405646
359127606 126416
923103698 334718
186905434 78135
685692088 179156
665735908 104346
388014141 301424
742045245 356692
72985176 54083
42374323 59878
147937774 597426
113412056 147462
282117482 403149
836630096 41154
721499103 307669
788272099 312843
72446118 182080
664958735 198198
839371128 267508
197747945 137010
159023578 288914
103630355 202747
21339965 182072
101689846 228358
85063449 361817
146575536 89734
701762185 97864
862587624 383280
809189750 270161
16970847 71336
247253418 363617
116319823 158953
597105851 116084
528913722 57773
443911508 297614
846180173 412308
16355257 366034
635633856 136507
279783364 368849
119696928 328085
224181956 341354
177176626 668998
434352684 395858
199439175 275342
332546383 52030
554303436 114657
60165336 216246
14919781 52209
378267186 379764
314828398 163815
246230390 299638
405967610 237994
625729182 328802
141967504 43440
764091991 254024
670520458 300869
703856355 132331
316713259 650032
415806701 155153
807429503 300841
896889766 139203
916789765 158225
888721273 143446
723498063 236741
613065299 145535
