1000
829040420 1053783
202254126 82148
44806519 134763
760602303 1295087
382950405 823453
319444650 2444876
424336183 3214275
69729224 1639417
118908492 1136086
907600100 510327
283892917 757688
845941725 2209014
957226795 409937
159844379 539984
346975876 2032106
916038755 1269520
597219091 882031
141602205 890037
235928919 5082822
843271251 2633647
373329522 643011
268015142 2742350
205362516 17706
55880819 804232
962630750 1031977
118373865 923400
611309389 806045
964403227 446402
305368575 2014129
583223725 918451
302251213 1065898
289963147 2460978
252307494 1755209
632656620 1063357
973599083 1568065
148020191 1492421
902240325 753704
327183731 963574
522850582 792978
553249097 802515
972562665 645209
202660394 1065778
621747977 532399
169285066 1317996
374294544 431671
60646474 1836894
577068893 1135229
752005864 1056786
892591994 1804839
546912247 2632296
761502876 2082336
411362422 143468
516685008 1292050
947190670 213085
414101981 2656561
699173064 611973
349550279 348991
182395147 640844
701429093 2087074
934968205 1181425
197235938 2492478
666690320 750792
117538775 835390
256538449 4200710
464746145 1702019
723956405 888971
711216435 728226
114250094 775111
55101700 1559966
675465422 181136
268061441 4092707
122723267 1344846
387387566 805062
315450002 1872509
579408500 633178
275113437 1404369
21187462 1952431
15831018 1615820
204110345 758998
105679499 435424
513964272 2155912
852062655 2586135
674046160 663315
284776708 1616601
884962464 900170
696942481 1409441
795661460 416906
590931258 1574596
972252456 314791
740047175 1011420
82474656 291990
539555267 973816
875640392 1420210
920733277 1834678
484796447 203265
558432821 830446
783624888 941703
810206235 787194
193038002 1387325
39767146 834837
328139482 81850
124107373 396089
156470948 1279583
355104807 3755510
457898202 3902967
976879674 1369145
841923116 3268039
835519626 918926
103958020 501165
753433703 769092
619758789 508741
506951150 1241911
580159987 979348
206794539 1143086
175379639 786332
17535903 905206
705215421 1111217
619975801 1060585
499332507 2073111
566379146 2789929
80711462 717647
210268911 301241
955224319 1501721
885747976 1219765
754056041 777409
340022031 881203
784566712 821980
719621963 1022262
173839105 988798
88743766 1722616
30317882 425087
317479448 1039092
989184498 1060527
128273233 182381
14323456 230523
666106700 1179583
879694947 1400439
810839677 667872
972658766 2091100
229846791 383015
471248704 781726
714871984 449147
751856134 530624
823186865 925343
300091216 900474
870130251 2710475
732718893 1544020
407861353 903567
300380795 2251779
890775541 2751416
490001877 892274
365666143 1806717
164190696 1153431
119900865 309876
341121543 1063808
529340734 438094
160825820 2314133
489098638 1138463
44070499 666766
120104503 301231
375049874 420205
804097507 481330
944559545 1565033
439144352 390171
101582491 795761
189185534 2819896
604617549 867759
360213027 113333
315144404 833345
99537290 494101
390938370 1701907
519870206 2604626
120546013 275664
817275277 1271746
995731805 2290656
51450354 970615
102530240 714445
921516554 2086501
914861424 571362
3320739 83551
25210502 757531
816093475 979482
706486268 86905
548855154 1192184
54184331 448127
165415272 836775
147330885 535736
719286077 565324
624530554 1726562
100612952 1570663
525742068 1128584
190007882 2035876
826157033 1572366
673056947 177335
640247954 580470
326568855 1323233
156957697 1649492
660038471 1488781
124540883 1578471
361383807 770195
1229799 1013627
308240005 2051563
785704444 690068
992564734 658104
265448859 2330433
113137893 650099
641674236 725508
941319642 826822
720898093 345868
20015110 177648
641074815 13586
950832632 2255254
940265639 1425482
383959090 1895665
89788910 1202720
54719106 1039341
607333440 620169
81934424 87661
110028762 170980
985289899 195660
470687224 292933
661196901 1206482
178035123 3112872
934311166 656907
362129528 823647
893959856 1717597
614018319 1487575
151804475 128137
931202685 1155794
671413922 597598
15806783 1113409
553571576 1051634
692818328 1215148
360382922 61383
141778155 1118874
678061365 1442557
134565242 1018878
352546765 521644
867970111 2032566
466233675 3208037
226194341 2898809
542265879 1828190
887343352 748753
305531102 2265259
46018709 581264
913312395 771222
770635154 1951343
176220801 1566772
449884948 608168
768888875 1548298
23483374 433045
496814591 1418824
721066275 686505
535689810 1769329
230370251 933378
897142515 1179599
292718749 3371342
390344035 329699
297595437 563568
585782428 75221
25617658 1725813
318425602 726226
328327112 364161
967187652 403164
565046256 562136
3287248 83084
36260716 98457
514792689 2457861
569897766 1365096
914440545 927830
153024627 2824127
291418689 3079498
746777088 1909565
176189666 974886
754318569 2427315
137060603 1382742
445193909 658282
907337387 260303
687534328 451927
77071588 958213
80041014 638436
417735310 3012430
469613810 1326456
74757944 778874
103262696 767119
603220351 1148924
838519595 4194373
662627513 2885052
253614704 958656
280857993 1576064
830127667 1467722
789489977 2176520
682880486 919353
857389214 1576533
308117706 2165595
612718721 166208
721917378 618299
481898707 1089255
65123613 1184756
407867568 1180131
475613574 211665
759457170 1520844
984164431 780585
778945861 2770488
236293643 5430596
435917711 246081
132476489 450941
528984714 17831
812337459 558132
588152181 2407299
683100955 1318293
518596030 949043
343748036 519402
132529018 887306
752824326 578991
110124848 459177
457009421 822394
822337990 1092062
791940921 1081972
934355885 1159249
82389543 273692
99971535 298267
770104113 1798651
182991558 1102848
999091777 525171
276819413 171567
885961384 1401086
533999666 1899329
560381329 181580
626896754 2505468
381740217 2018803
278647983 250305
359449351 873695
478279138 748114
684375535 2425705
52969693 1398455
235911459 373255
567903425 3320354
329414941 1852545
374693022 413737
207995608 199383
696565762 1077573
583910394 633230
397758473 974801
79473472 256666
49412934 33013
86657762 907866
502433496 1018715
358233206 913103
772207524 2597492
571475282 4637336
140050712 1242337
24677048 307226
56989225 578390
566242989 1492371
28145522 364501
360586261 1050050
79521904 224788
580330079 2800197
436539089 760866
776472529 1614210
618003149 627004
654505824 3761710
201707480 535398
134093635 764015
113450820 1320642
935668200 563577
312599824 1306492
758006013 1401035
472555638 1836172
818711082 3517449
749306190 1146476
741409841 2473296
497496753 1799570
866911747 2956455
669858928 1653470
11345516 614600
809054915 510493
139859591 416343
955901859 1301113
39873894 1699657
83847662 447064
725831921 791299
606975253 18173
869952991 961795
263893190 781009
6091766 519500
10588874 330293
103020476 531103
33543449 895338
272954054 113055
486620635 484614
980239810 2188678
430418653 1938093
908804481 3878457
10881533 386863
572282947 4177343
730964730 2615216
62460577 462041
351542828 970506
680553323 991662
958307014 3246157
988407627 607029
529598044 854452
494065928 1980612
813040497 2152094
249839122 110967
561438737 1028416
42850231 633726
646545157 931670
681713474 1298341
456886172 500667
219140963 871238
52355518 1578084
160168344 1563960
745909304 2288140
527078084 1713104
195697552 846837
687418534 463005
829060504 1871733
69193630 522170
923884228 417706
10181401 419527
403979780 1882412
81663054 335823
310922383 185866
821356807 1780706
104420256 872790
787118256 1310786
110746320 97828
288671497 1713566
31048599 793429
902908358 2374607
234623207 700196
471407119 666669
1740391 631361
662435343 1923954
577234224 1106707
828379711 562617
114957506 125153
348696592 1046321
128631518 2096681
263980617 2807795
831562422 1221375
600820152 847062
833215047 2716627
755547895 2074844
633631220 2961611
740350811 2108362
484478501 99560
298727260 18031
121364550 2681548
185320224 2452059
139450000 285070
716608716 584451
779615539 3394552
817030534 441693
610272962 625719
367722820 413066
429965498 682939
312492338 708619
135751404 532555
128386883 856077
480010175 660508
233455408 840868
811623568 327310
204988973 298164
982508531 1542312
148492839 1648755
604420994 183040
736783345 703470
23384650 100970
115875125 1081994
412633118 1360110
242334799 2216935
472240165 1815686
170452525 729261
479651373 956972
51009696 508038
650308638 1479691
272157399 475429
504579798 616943
993709915 1006068
338136999 1841598
188238443 997373
610314307 1104169
994795183 1392731
72808611 1348809
997239 383821
933358646 582328
303277138 1321043
443400733 1955667
932680554 263905
668387375 427569
448394961 1722383
529074169 303542
209582307 906753
556083318 1873973
823490382 1361933
483192091 1215240
173629344 436957
884331776 589557
88098081 550009
936828444 2912217
172235567 514461
765730283 1674316
733645827 907532
47452015 396819
855097009 552445
450457751 975827
168930767 432437
363426826 3867074
884724767 864312
49707235 132500
905403110 149899
954271778 1225845
795401871 291624
388060007 1125533
343189808 617697
282295900 176609
700488432 59285
193472065 1190738
277924214 195475
639740927 936566
216650313 61517
919050763 788420
751124518 877771
194450427 1098711
143839372 1414886
539908636 927162
121353519 704908
837669088 864171
942301199 3152234
42965329 803931
775960989 373476
815588381 875715
36294753 383629
324103469 755758
183202089 1914477
609559460 588428
859324793 2477855
405689910 1617919
18558074 1006721
530045278 1595909
952558588 1033063
907561381 364026
618325686 569608
941849770 862225
37522635 1935687
917605639 866087
127409186 854420
244497744 2234433
316310856 1468439
358909538 658461
393958931 1158925
80973957 676082
881329237 2165979
47842977 646540
629550759 556909
493378800 1263214
854876609 674519
646049874 1243356
47906148 1385891
877445116 383298
947207687 1638484
794262775 1074284
421098402 1868088
182355 1045528
363298007 1357290
776438142 67638
8754761 867022
362334464 1055535
421727913 2832567
716718748 1434667
74652445 113124
285451216 2129740
7212993 275956
368899193 1129831
706559038 3602937
62987263 798549
267485992 563426
476989202 582225
552092548 890542
587680544 1372644
12769616 548662
641892779 989146
602945622 202680
451571736 5369307
913117938 30125
979247103 1179547
571226113 906976
112804623 434065
107221017 1006381
211323180 714759
215261147 546032
589634107 1750339
989377777 2439473
185262772 362827
132190901 270178
35142133 217798
390729158 1806658
948488307 1639757
171920087 512571
20613028 1774711
713342270 234040
847935116 2558258
802485339 1211092
205735670 88010
464626253 629814
967648333 202913
848658713 2774282
288199359 690233
605015171 587234
851166392 2101075
440822203 3741437
34122539 1214874
166873177 1337074
702101728 1899089
221041416 3645492
71169067 1021643
304735106 655862
543686801 632268
72559431 446285
698034570 840473
905522367 1379840
652961162 1852702
509184614 640572
46197702 1595858
554472746 315087
845819804 293895
17939174 608072
31992415 1357703
318787394 2197483
804938993 3487817
647932253 152764
629428319 297785
561777439 720859
58211521 529394
158095145 1152331
881597228 1971646
6714645 240270
438460772 547886
671665162 540139
92899654 1422444
4260436 719890
85921073 447303
888221117 3030027
866138829 1683762
9534782 629761
874000966 2364704
809771832 482997
607386837 1474392
324857541 1302251
211413728 625572
462702357 818192
196110441 1759121
675313821 153628
536939960 828629
964490312 2830151
278530939 224948
223186417 1673769
796296011 200697
936825682 285294
880052534 1067769
993941245 875972
857996772 2528149
145843594 614339
500769139 1117825
197874885 1995099
124444917 388258
800287514 838829
186699798 1635898
208807419 791218
376885163 1664575
23627310 914243
20330166 657437
737239263 2184741
524094533 2173393
787831976 2473582
200363183 1855786
175191146 771664
872233550 1521725
460736534 2761742
479133909 754470
863409148 2656234
520676755 2752845
200180606 1385011
24091125 562693
181608828 175943
28298035 636162
218019068 1862785
329304678 1224120
984150021 612645
701157018 269948
231693856 848523
717850974 664416
953322126 957334
982480396 129168
395267722 2586317
744654856 2093944
991380885 1610640
469583694 836731
212289999 1838329
985411592 1404350
116104802 1118125
273614858 2492448
809243890 502279
938400901 2494613
642848342 1363308
919881439 1525096
707604500 4029531
763789119 1215569
131257237 610043
294681118 2074146
144086193 1553075
863080921 457026
798830582 2111188
297723825 726294
856088406 1140602
446177429 900674
694466057 132354
865341422 1311710
861082559 856099
12894501 1290210
432778592 1029977
492645029 946671
786101494 638210
738985258 1358105
32658356 968406
686134219 1142191
194769258 786725
748424637 942492
384437869 1734477
475832946 1413499
676364347 674824
484819166 234330
311180087 722838
325206524 1528253
375958017 1305775
233748537 975312
345961022 587614
140486170 1016349
440340806 850349
377655464 1864992
217658740 596138
873540922 872260
926310520 1288178
69382083 1475277
480809205 1089025
623154791 1775744
509602927 604829
134068616 182423
415327551 2562579
84135049 1470743
94095056 2515438
372912284 679446
785234199 829680
629861448 1373473
817769198 3318165
625934720 1557081
437824318 660351
679324395 259754
744199331 1340628
833109684 2279902
57155736 543734
248197928 1165481
895030745 929248
368951586 4021343
908593168 2519598
907005846 397197
729038763 2857093
28808328 1650069
111713848 1120011
125108436 1410553
451383431 1499521
45056678 558252
27002048 1135640
30871810 791661
215021163 134169
36383953 377557
477970665 619289
559402719 631187
632288034 673061
774920320 443010
50701547 60398
104655947 1272227
487180564 489493
598160658 156921
413182368 1920999
228130451 1846661
386437900 423397
806961476 2077198
680648259 935408
764176899 2914525
286885752 1756213
447228767 2359111
985759369 2339033
165172030 567254
975475210 1851561
86672055 1545731
137840215 1435292
433503492 923017
202704719 1465556
257055391 4465889
96193850 1568107
149673666 1368707
82065905 389988
71374589 1288502
974812003 1349669
212297418 1841451
276834172 791393
278497693 44815
544771784 1898513
538695857 406391
836426589 503916
928077393 1991515
549563284 1509039
337550814 2095620
949028692 2861675
249967016 1238357
704935490 623040
408845163 1477787
932330845 531020
345446205 573373
792391986 1924480
825617995 1590220
331719053 3307144
503147646 779251
299598438 745524
552782671 643241
74841223 1060531
723942161 276652
435200751 952739
398907278 2867705
901173614 1711130
926690553 1479990
270822805 1453801
856572109 1094032
876525421 1231669
679599690 827960
796357116 3054579
801073433 928967
130865432 91939
335050907 831247
110429868 286223
680133833 490949
922773051 1034022
735692332 1484631
216829458 881523
511519720 3074999
446249160 920430
518823934 882065
88412294 1085189
138530049 1107949
278757714 2015835
375219995 801833
968033708 2462792
504702989 974537
251134696 1752088
386099137 436636
425221433 4064576
599020269 1668003
254686732 782483
303335230 1591696
878397025 407449
814827240 734383
933853604 145018
724965998 1292295
86267602 325738
899497817 1805078
959737340 3110091
720699463 76016
352678472 2115474
96786174 1807616
107147282 937873
241834325 2347029
592328301 227023
727308415 1675302
728631250 2272507
650876797 3219608
659095382 1456653
718456457 1116137
724374373 1177634
14482143 548423
977933402 932315
690309516 2621104
762635299 1000109
77809975 1254803
593590776 1289412
523441746 1666157
545660449 1724263
587036039 1029486
62763397 912619
19122769 678895
804181947 2307628
394366071 2833414
510824169 126274
166006514 940896
354234462 853483
174510091 731934
226135440 872079
66537605 2280542
897839885 1321564
420554702 1044274
75795204 892831
669830839 997339
436917543 452914
929112868 2516578
3488881 339154
615592149 2270685
667647964 78468
439171762 1455525
550723297 642233
398561343 1881670
322023321 1828981
481249602 956038
686839849 439524
917069455 945084
406678316 850375
457770481 1087680
85238425 664865
44306580 514927
533577044 552544
887677253 3049627
45130807 585470
428387495 1510675
605598164 1198015
76089894 683194
832562143 586875
182009997 678741
2389080 514392
649261977 684500
341988264 1665702
530876932 2814553
49745791 357632
232368842 1249718
5228218 1347431
85650127 545015
649999235 779528
896785636 442239
594643721 268062
676995488 1506347
657946561 2002464
957439883 1412414
245145868 3486994
177325254 1946161
90876922 3137075
388913639 1465606
127353821 190883
599234475 1764346
143071564 382454
336339710 449518
121002529 333013
637208290 1351581
432052401 1120997
978724755 1448703
31823873 350897
498941872 1012609
336646296 673722
645770516 67816
221032572 635665
776621667 2756634
612967079 1801600
774568953 577561
812762658 1479834
637791836 2293679
230428107 1493660
64664402 1504905
254896019 838722
110923106 422670
50753090 263106
615464176 471736
510831155 2516056
636149152 1431442
712491341 195881
367615425 301443
903930015 1483494
996975359 1556859
142858311 72717
280496431 1095083
59053896 1700179
918432012 1152298
120548574 322386
131002974 731492
312082620 110348
400826380 4147846
82725375 184724
2471211 715606
969706982 2702282
721803401 17097
825321507 493562
262038831 687619
667785915 842952
67127108 2132991
57671576 1023590
878485147 929229
837093022 1399445
135036668 729748
15481844 288024
582505772 1099640
