5000
47107873 330
42155751 487
17483120 485
140398117 165
21623454 395
35784849 390
141206357 302
144842417 308
103431767 770
15150384 364
145549139 328
95453063 81
116744651 516
29003569 337
60214536 200
118465293 136
76968029 185
58097194 648
108779909 214
148878834 407
159996284 450
44075283 155
87472283 306
113112215 30
121902099 132
8083664 574
92424549 266
40437565 401
119777797 82
18291536 534
51741591 644
15153279 840
55369512 249
155047473 504
153733073 147
51134997 146
134032260 237
69811626 394
160702020 561
45489852 387
43267180 554
42762303 344
114120045 624
147668032 31
24249477 566
32141709 615
146255660 294
106058028 233
114121148 403
14747232 454
62338746 294
72636636 514
123516188 301
163831218 354
57692839 868
134434987 355
68392305 146
37706973 192
60619802 221
162018541 173
136658531 479
132415503 420
89697168 466
121900345 341
3339371 149
102019607 599
57589664 480
121797695 239
56477974 377
94848591 247
35481228 664
25563326 268
54563505 585
138679947 591
77977849 151
106762753 463
9194870 167
62136628 274
150396517 199
46097334 658
24553026 655
46905087 481
81618598 318
111398732 556
11113355 129
100810884 3
150799599 124
1416626 137
149181588 536
97675129 678
90408725 368
135141061 429
72332808 305
143935307 30
125335468 314
9599852 336
67885032 388
124222111 409
67076974 466
130899276 604
4753320 622
149788692 475
11011860 527
35988259 384
147464801 413
116946263 288
89798038 482
141611195 30
48517620 47
103533384 434
164335678 15
39525418 230
11113369 282
44579566 328
40033308 374
122809862 172
164033311 269
58097722 402
39830956 408
147769200 422
44883025 268
62136883 286
27990679 728
74252901 203
38820757 539
155858458 528
63848186 258
70014248 387
1215122 679
140801185 695
1416736 285
135950193 196
104540993 530
147465485 468
131907243 663
104946738 446
89294669 225
15152463 294
88486526 614
29510515 429
165142602 317
1013312 672
34370412 299
146154503 241
103735657 360
35278189 569
96059005 633
129283390 288
153631164 292
155550954 227
27991157 520
29002505 73
124323238 274
68189653 598
62035772 401
95553153 256
97271211 434
160500041 188
68899041 194
138574730 425
161208141 357
104947471 136
100508771 325
137665824 146
97472681 547
99901786 455
73040842 255
125031559 371
80706169 321
130190639 247
27484264 315
30928230 278
27890166 194
78681443 61
100910961 230
115229741 730
12930435 8
10709384 573
1114028 443
1518142 293
59912320 493
34065297 615
7782207 327
85347692 633
144337604 341
92020478 408
70417498 774
136151232 590
105554018 530
144136064 556
31839956 479
2327870 557
117858973 601
120180090 578
34976821 320
53657016 439
70416529 318
29509279 266
46702342 282
35887102 163
127564579 266
107168316 435
141205652 482
115028423 331
119878197 29
132717396 164
3844176 603
21018799 75
118767853 460
51742007 429
38718867 529
51640402 182
125030281 291
141203457 430
100508081 558
123313773 318
151504785 611
143127977 262
33558368 388
36998788 560
60214671 101
58501145 337
8993845 139
75559233 487
130192199 366
21724661 52
72433831 473
23841922 312
160702310 728
90409103 728
18694399 452
62338546 261
40438108 744
143834741 234
153632463 289
127257919 634
60316004 619
37606397 420
6063136 415
70417014 322
29712844 305
80402363 587
107066273 193
82828116 221
79996722 390
119373904 766
22731309 274
122002701 557
109284262 417
62541450 9
91717345 297
156361616 234
83635356 255
54764980 542
121593671 571
157071017 482
80200302 381
30723424 318
112808515 222
47511896 252
65965946 45
153125282 486
77877376 294
156968194 411
153428543 399
119172252 603
44579667 590
153632021 313
14242517 556
12321148 577
151303331 334
119071391 487
13131042 225
34571677 421
153630573 579
85347154 648
166761902 397
66672312 200
123414660 592
61026743 648
36897447 472
49120742 221
154543997 640
24249162 639
2428606 496
53455543 194
127665115 620
117858634 546
145649804 353
155959029 133
3642371 196
152821278 243
65460312 170
51034414 259
104947745 592
94242575 581
166964327 468
124525376 241
68191568 197
138272494 237
4046460 424
126348279 181
80806653 468
122507693 96
102223552 507
83030907 464
68393121 433
147768315 557
104541260 791
49725257 310
18695079 283
68594622 499
124120983 465
75861311 103
164638216 532
113918412 375
161817056 527
153024161 356
26373083 606
139086006 291
57487833 709
33963719 277
126651624 379
148574743 570
93838540 398
125639991 766
45893805 821
142014236 139
117250999 292
67481441 280
62742464 245
88280703 589
167167211 567
133019405 411
60318523 68
41344796 570
95754892 289
133829562 545
5862113 307
82626899 411
9397851 517
118766344 467
76866874 518
141509731 518
96664115 504
19907045 568
99597570 488
1011822 386
138172073 322
137061489 264
80911832 224
34066230 485
72738989 461
54764758 545
141711262 288
42863441 245
121188423 318
110895455 209
131907094 423
48115464 652
138069810 544
147363893 132
122003485 377
81619051 646
61026510 486
60921668 184
69404183 760
1721940 37
136759489 550
21522105 264
111400486 288
90410457 746
135645590 166
44276662 198
141205084 849
21622745 126
156664181 266
157071709 250
167065796 468
131604310 212
137766941 518
73447422 580
114726538 30
37200543 434
124829278 107
61027146 567
149990735 367
165852428 301
2833653 335
88890607 793
40639948 98
96159986 440
156361999 465
151606892 388
56478320 537
15964665 528
145348315 126
112305753 470
3641844 391
144944671 224
77272727 176
141307307 381
152013469 259
27483779 707
42054482 481
49020328 96
150799499 154
77071328 305
75760321 236
25462163 382
7681314 418
114625183 543
154442762 280
67380889 454
107167484 681
157373122 311
95855962 549
155450348 284
145247800 416
142724499 601
59206782 544
99093286 361
3642076 322
101918587 236
108780377 402
22227353 220
41042494 346
70922568 495
89901014 324
159491790 323
65762019 494
32141097 382
107065024 209
147566580 504
40335307 428
17585737 732
1621702 237
87170826 428
124222420 277
21119369 465
142519106 325
48919924 177
62440707 258
43064285 287
150799683 399
99497153 171
62237547 111
149990904 467
110390539 517
5057840 473
141508729 475
156966832 461
8790353 477
23740240 224
20916728 300
133427126 276
165546285 258
165546769 159
60013130 287
123414993 591
60620458 255
7781891 438
126348004 413
140699992 268
15152323 166
39123465 178
32242560 324
37303928 133
89193245 849
40539284 111
30115831 237
73041845 373
146961967 59
127563140 166
147869765 524
49624163 713
67076395 478
124626029 439
134737353 210
82324508 872
86362077 505
8487381 304
116442534 751
123010858 348
132918472 380
126247298 240
28900179 368
131907814 425
121593615 202
153631265 508
104745098 332
93637160 529
144136852 112
31232111 471
33862760 67
115734778 429
67582325 288
24654075 204
69812303 280
120383905 376
104845737 586
106459834 390
157677807 322
22430133 475
38109365 449
87472269 142
302773 384
12727284 532
16773390 581
135748082 529
5258595 445
43670264 396
152318275 182
90104672 269
90003019 743
8689317 222
94545596 160
79086789 192
65560609 317
17280969 474
121493141 210
76867186 527
94242883 545
33557106 394
77473711 223
47409514 342
150497040 15
76262467 219
506174 517
117655799 815
24553446 379
161006252 290
83735676 250
55571076 406
117553735 462
155450370 517
17179184 437
141510136 570
125233980 533
92827021 362
66368892 426
79591597 584
69709797 674
37200115 729
108881969 275
100710735 100
111701730 117
86668524 377
64353376 369
125031670 486
33557412 526
31536659 402
95049372 269
68594246 165
124627366 623
28699103 77
50026838 556
140195704 247
34470927 192
78179150 148
154035748 375
99598144 183
16266174 163
37303950 652
26675089 252
38110097 248
33252526 310
9195259 443
3945508 288
125943307 281
109183359 66
109384890 350
68696669 225
63143958 320
139086578 641
41851613 412
159995670 545
147464036 284
83131382 282
2629754 349
46906995 252
145953760 273
35077467 195
40639528 252
86259509 593
110389891 567
88486321 512
21623052 722
44176096 217
159290886 362
131705095 510
5259047 77
128879283 522
148877539 404
57995299 901
97676190 343
77574477 500
138474354 269
8286362 330
79086098 539
18593439 318
145146699 87
62337991 322
134938289 349
37907890 516
15660229 453
95150550 488
29407185 84
57894579 334
66570484 565
148574594 280
37505659 335
139993439 222
167166645 555
79794376 308
123920281 122
167167501 572
162623185 504
141206071 510
29507807 432
93028788 587
51538474 318
33963400 434
9802158 431
108076262 404
112306122 280
127867453 193
47914240 338
85957754 465
96764662 264
112507145 111
165751643 518
66571743 400
85753470 19
81416696 272
74454026 533
108075675 553
27787160 229
31839263 360
54563232 562
2833134 368
24756605 505
166862617 757
24655260 453
110491464 195
162522031 385
61935155 469
153125656 594
50331584 143
163024966 49
24551487 398
148676565 335
155855944 793
55066627 499
126247490 314
10206412 582
33557775 527
43973231 632
104643151 167
102928215 305
14848100 161
23842484 563
166965204 354
136454414 510
58903064 789
85856736 81
8083976 652
127563147 492
149889683 83
26372710 206
76363728 292
99194843 281
96260757 846
153429680 289
112204084 601
105755441 283
154338578 589
129182598 525
92424710 496
21723947 209
158888554 500
114523707 514
79693489 274
162522684 133
153428671 749
12424058 253
36493847 388
165852695 197
86260492 399
79491178 244
151505745 742
30519037 270
87170403 601
118261853 499
20816091 457
53656577 612
79997189 774
16773800 426
42460057 61
69403190 396
71829828 561
142518370 276
15761180 369
64957336 467
141002908 224
152115365 285
142724035 707
44478214 862
104438541 133
81315892 368
19802487 195
158182280 303
4551630 222
85349915 403
88688313 283
35887416 522
38516693 541
152014651 555
95856559 638
15355717 435
41649168 163
125842697 321
12424505 272
125640520 613
162521842 241
113614809 251
23943861 623
119476247 318
157474326 307
69708417 758
12828998 329
103432301 474
106662251 308
15862984 836
24654203 682
90408114 489
153126412 278
77675786 353
4652858 253
30115613 288
144842970 226
2326971 573
151001043 13
30216323 146
121900617 434
60113657 69
135747397 610
80401524 730
42257224 816
115230629 171
107470974 261
32949472 550
9498522 187
16975558 868
157475745 424
157779065 446
157577061 479
68089004 200
104438552 438
139488799 220
33353767 21
117553897 792
118766634 578
3237753 533
132110278 621
113011587 367
90409547 725
33252104 376
21119961 382
151810121 515
77171670 379
28598357 635
29001774 583
135443403 603
89901853 313
33861114 517
39022511 581
133120610 429
38008763 377
52146268 180
3540572 528
67380830 336
92927593 268
44276343 357
57487163 614
121797800 444
68392392 466
91114306 193
158485892 441
151506355 367
92425112 473
152619877 413
26776047 450
28395550 814
8588027 951
21824982 598
135242263 231
154338906 744
34775047 419
138678202 535
156563661 219
44882772 354
16977389 373
1620813 330
44276317 44
138575585 480
78078025 442
302533 81
27585058 143
31334176 474
119374892 499
161310584 244
90105040 747
64353863 316
21825447 170
7377607 559
72535326 337
157475199 742
59207108 565
156965906 507
80912354 581
44781819 338
35379622 458
110592780 646
30418145 527
128473449 680
104947517 376
60317226 434
158487174 115
163327148 178
142417837 215
78078237 502
97270761 466
23944200 540
19805833 333
72534326 235
33963066 261
116038080 486
82828202 403
34572058 350
55369575 208
88587872 207
142620378 540
154443023 261
85144803 411
31130879 446
67380193 619
77069301 96
62338158 312
810360 655
32645729 2
1621069 417
148676468 187
49221213 398
78279631 220
36292360 132
95553692 170
156462738 330
165242927 550
23841606 518
6063452 121
130394196 244
93433190 685
92122961 374
2328328 256
130090208 201
139691745 564
123618344 309
135746583 478
78782037 465
54059803 173
7274896 204
165141963 505
142114616 264
97980552 333
154034725 652
123415420 331
8285689 240
66672525 606
107066085 266
72132080 105
57995091 530
22832191 309
153630327 358
115937086 536
142114740 503
138676810 325
128474438 550
16669881 504
86363211 325
85345870 714
54865803 329
71728361 530
159996098 195
69913475 393
104036981 301
124828976 343
160600518 212
149788950 441
108075942 532
138677403 772
10810855 90
166558556 535
80705564 299
80604166 356
70922793 489
45590529 813
33353053 270
143127832 246
66166419 542
24350329 435
9194604 372
27990384 610
31334050 125
156965647 328
33454039 318
16468556 277
4348814 733
89901579 381
14244669 283
36595499 435
6163724 232
39424601 492
117149487 528
92122618 516
23035111 286
53958987 280
117452904 367
154034402 497
23943620 39
141204384 340
51742732 717
128372148 678
90612436 180
138982883 100
25562800 559
75358146 244
23945130 518
167065992 518
93535720 314
65863650 218
134636896 149
145145628 771
41648524 180
142115726 210
119373671 473
92121760 447
143733728 376
139084107 711
138575898 528
709680 383
108781314 303
93433738 300
93028286 751
158989485 456
17482783 285
153328039 447
114927309 518
158183202 408
57691174 675
20110235 154
135139770 409
122708532 223
59106456 318
24756274 579
26980671 554
149687881 295
88279450 271
159996530 330
136454668 503
104950199 432
104744944 214
41345596 259
113615054 146
128676231 309
106359169 471
141204630 444
152720570 328
9599491 388
4855492 629
137565485 316
135139473 421
129785610 618
121696473 412
152317609 595
60519393 210
48919818 128
70416799 498
30926672 425
120383271 498
146860998 713
163830428 266
2934163 511
31435466 539
117148876 183
129787397 407
152619750 121
16669436 626
17280736 273
58199382 238
89091856 248
102222893 194
40437899 524
37202456 522
163830653 532
149889754 372
504512 656
113917749 410
129889594 126
84440900 441
94343882 315
135748350 545
29813586 89
143733771 388
28799484 386
18392585 188
2630228 542
95957939 418
120180408 782
709480 507
38313027 312
29509851 540
103028804 543
150194602 427
59308195 207
166964988 463
105754936 464
94041029 652
108679624 283
74051339 341
121696865 418
32444619 295
7172189 696
45286467 472
37304269 599
29913899 244
94040317 401
57488872 401
153631737 411
75257942 157
77675193 334
21824814 430
67985818 567
130293181 315
34572114 586
100508511 145
127360443 402
139086376 350
30620713 411
120885863 38
93535558 227
21120154 362
36091722 89
45793125 187
43872397 143
102424437 771
73649504 350
44477968 461
38414825 508
152014313 447
113816841 354
25260478 265
80301050 329
200356 669
7274279 786
98282524 354
80503542 213
138677099 506
54764684 159
28294241 338
53352929 328
40134481 263
93534979 484
38718606 436
125436905 292
97372307 143
102425050 362
79895667 665
129786502 405
91819734 332
13434089 387
27888210 341
100305215 267
149181041 641
123819603 354
42258288 225
145852191 486
69405000 188
47914145 307
88487370 278
92526092 117
67985489 613
130900267 465
200798 741
114119775 584
39830087 763
117554778 184
128371658 786
47813125 432
139085139 578
108378102 578
69401429 384
116039873 283
32444312 417
164034117 452
17587069 357
22530798 16
15356787 874
79388692 360
154341270 324
70418119 240
134031960 519
113715591 362
50331127 472
36594712 485
12422583 279
23537652 357
101212981 219
154545224 122
41446291 856
160500210 111
47308790 311
63647516 266
84641960 125
97169433 443
88281355 755
62237392 239
104338229 276
46905676 374
32444864 66
123212778 175
27584781 361
79085171 789
134535660 341
52347548 215
31738382 131
63546714 224
59408492 219
78480174 307
30825020 308
5760948 229
35887180 190
151810553 557
143027492 288
141913075 379
40941548 272
45893319 244
58802701 154
156462785 582
91415680 237
134636518 181
104541799 635
13839772 557
13534698 325
70114796 288
31536408 469
104643273 588
16367995 510
56782660 8
46702444 290
132516271 63
95049601 611
156865370 57
80811352 195
41649330 368
34064458 630
25765262 462
88277961 459
45590368 436
138171634 687
58096666 761
126753548 249
161412122 162
14747579 160
3135311 550
30825323 209
36998699 326
81315759 218
89395130 215
161613862 488
12728219 571
166760933 410
102223228 642
117150295 397
58199090 122
23639968 171
103836253 165
152013627 399
33051160 350
4855819 638
113715268 449
86564471 603
86259780 667
56075570 277
71931144 269
23740227 194
133325478 444
133019651 464
74755116 222
140094074 319
69710163 784
142620679 459
166659507 723
155350004 20
67988733 55
30926350 568
90307916 195
62237203 307
126448552 510
136050539 209
64454607 208
165649573 548
20917265 88
143127794 138
97270666 421
154136204 210
73750013 363
1924923 400
81114315 423
77070556 462
85853596 738
2125677 167
145146412 324
95553235 586
114019509 27
89902044 360
155857516 734
31131174 448
23943628 243
95958208 437
43065998 325
141811877 615
127362078 218
113412983 105
26170818 289
44277391 100
41851953 590
100104560 134
35988343 725
156261017 267
69505817 428
81215221 304
19501370 177
108378392 372
69404778 359
135140232 237
102525782 13
157272494 337
708189 332
85856760 392
73041390 538
104745295 297
165445752 271
117758068 228
98991218 632
68190720 597
165852775 434
45591039 735
84843027 27
20211586 515
4753244 270
122407179 216
28900783 564
85856196 542
80098513 594
77068712 618
93636785 377
25159601 311
31839427 712
25866156 373
67077326 169
8992279 649
1621449 368
151607407 151
71830543 557
133324355 472
10004779 610
8789855 759
82930291 134
140801579 592
82325989 243
19299346 448
32745767 554
89901406 329
106461504 309
49221491 395
115331071 229
167268113 335
80098799 372
66774507 318
23639066 408
152216469 188
97270473 231
154136153 65
54664132 231
69300932 287
160805140 467
100104405 241
160905701 51
18090263 25
53656261 610
161309969 805
156968759 185
144540615 411
159090005 391
125031191 454
11517371 321
68089088 205
130494631 331
58500918 546
51337253 538
86463676 338
160803571 555
43670239 231
4753835 714
111399591 490
60821139 264
88788610 251
117452667 569
94444251 311
54059311 449
71324877 223
148272216 564
13434416 114
45893444 666
110289461 277
96160210 299
19802483 61
16976573 691
120685164 249
164336966 133
166761042 723
131705837 374
37907707 201
4754712 269
26574553 417
97879391 591
11012439 386
22933089 418
133325093 417
149586835 584
144842539 569
64152513 268
47510176 462
166862327 596
143230136 674
102122215 356
26068267 354
69710773 254
101918394 329
99195475 487
15150956 727
120986175 511
105351992 614
30519297 502
128068587 224
81517422 790
91416067 313
84138541 272
87875454 363
26980387 541
166155326 481
45389071 209
145851637 195
44377586 303
19097359 371
38314248 370
78380019 34
90813017 317
90003461 431
151912921 369
150092703 325
97777679 444
67279020 69
153124907 640
86564191 581
156968615 192
31434990 708
154442520 438
127665443 626
99195275 383
77071103 362
42560428 161
90104062 320
121898936 726
75659818 269
19805422 614
102826804 570
48819027 569
127359617 637
46400138 206
50431874 358
61128182 462
86769159 84
68898178 535
163125222 416
149383472 298
111701466 279
160905867 110
42359436 64
52246911 268
6365394 416
95150350 310
28396630 309
90411661 280
22831761 284
36897175 511
107065683 428
146154338 257
28799633 527
98990966 402
504854 474
45591610 306
165647598 265
24755997 524
146860979 220
17281128 497
79085727 628
9802072 188
121391285 471
55672641 381
150093293 464
60113975 393
45285986 441
80912094 582
86260396 410
31233700 88
92324140 324
73648669 691
43267488 310
84038079 285
58902884 428
34066446 761
125537242 130
129081533 377
91315506 7
96865916 656
48718738 105
116946954 638
68291942 131
66875152 227
133120365 151
19804534 792
135745758 559
33453803 424
37606231 172
14746980 383
55066564 90
33456422 545
103634362 427
81517120 194
8387075 201
150799054 531
81013769 162
56075147 114
97674844 585
152922514 564
73343058 559
98383313 134
128677339 374
112203604 359
72031706 246
111096549 349
67077472 460
91114490 45
133930374 333
2934359 461
157475143 353
158989175 626
138781650 714
90207605 253
119071221 419
71728698 422
89192885 632
46299261 327
59710853 370
66570326 280
39831296 132
115532272 44
73750281 260
69913778 100
34976069 168
3641783 81
47813415 405
164336600 405
49222152 307
99296059 163
115230684 357
69607693 398
86665345 243
140094387 285
80402017 540
35785765 671
88485320 570
19907850 427
66672836 626
56176102 304
62943232 289
88788977 720
116039490 421
34067846 198
143331102 251
1012143 226
44681448 158
53757768 277
116341712 401
165953454 538
125539022 374
157070459 847
132918740 475
105050653 315
149586770 380
146658662 541
158888762 330
165650265 456
80810995 363
28092758 138
46803974 153
45894390 691
65058123 408
35582853 616
61024183 780
30014423 620
140700239 152
160803314 471
1013788 229
108578984 558
128878515 527
141812546 436
42053494 258
33050467 393
156765162 144
102122098 271
87874781 45
61330023 272
148575428 650
133121117 852
124628243 220
124626827 866
155752804 143
121390322 432
125537593 349
4349958 645
44377793 129
42762164 230
57183806 111
4652567 417
127055251 491
147870184 369
127258378 733
112102980 454
136759755 433
14545848 398
104439755 592
10508419 204
71426253 8
100609197 483
43671371 593
4348321 736
8993927 188
47510786 494
125537333 353
46906163 257
302588 431
112203843 521
79287776 43
139792416 151
30824677 170
124324331 160
142826067 159
14445470 15
121901582 606
105352310 603
122708574 371
88383635 509
20312121 41
129789228 308
81618877 254
107673518 274
164941021 237
154136394 272
17889576 333
101816626 271
43468157 329
16367643 288
126146560 111
25764765 490
87573616 286
20008672 546
116443103 474
43569389 207
80808845 729
110693908 191
85552180 163
69811920 391
12726986 400
96261277 586
14244043 418
149079894 339
20211254 549
74654930 88
162319398 527
155959155 377
110189126 175
151812086 375
50026783 264
92726606 306
162521509 462
56480930 265
52045570 551
155149131 182
121087055 305
154236842 518
30621155 473
58098064 95
30825498 94
49826004 291
85551149 260
114625936 373
63647067 380
111601131 309
70316037 239
25461727 333
157778862 339
106460397 349
120986415 421
36392847 811
164940072 423
22328753 378
57487557 570
12829437 741
46601937 288
30620359 503
140598774 338
85349554 127
166356424 547
165649929 545
29002563 598
119374450 642
138677847 432
43367907 247
159894695 640
88383839 797
96562493 333
155855244 470
75458565 346
99902490 561
154442174 534
166054814 5
139287839 300
118868819 117
109386009 251
93130200 51
164235193 346
62338351 206
153632173 574
19299263 184
81215517 11
61934213 657
20813664 468
79693616 408
103432764 124
119676949 402
66267191 376
6666640 428
124323835 475
142825405 251
123618240 275
12422674 719
68898639 551
34774158 281
85957504 543
129685111 232
157779365 297
18292329 218
118565745 13
50532523 97
69607879 295
12726562 707
17789115 292
129182349 504
163831001 467
108781081 275
24552762 433
67379818 704
41650003 876
5459786 357
29508035 606
51236747 451
110794825 297
59710603 399
11414875 547
9195556 351
137262311 81
125641671 519
144337390 375
19802970 476
55269076 418
8084830 459
151504335 631
150597554 573
151811297 478
165345068 418
11012983 119
84037897 339
130293645 373
130191905 582
15153865 430
80810079 695
117149801 414
142518579 420
89900036 433
19500776 708
27889216 771
158384835 757
27787678 408
163326947 361
68392605 718
22831824 428
104540828 313
57385779 418
152619766 112
20813646 325
79896175 363
148373393 453
73346475 297
19400534 128
88177042 576
42762462 461
108579212 346
39628202 352
15964952 514
154237291 573
50933858 191
71325002 647
166660590 85
132413921 587
22429547 435
7172907 300
159090075 326
31130390 601
131706369 118
17584854 487
8185330 162
12321479 732
15659746 628
142317322 365
42256553 254
44882464 379
48617842 364
16977553 500
52246707 240
30825541 275
20009283 450
46096586 442
7171820 628
100003824 321
17688289 56
116341441 506
91818669 854
31029199 430
13232994 67
115128993 154
106863702 511
62035854 520
19299502 631
4350435 253
116240877 210
121695273 737
46906007 183
105151166 216
163528510 461
144843283 796
85551392 472
90206417 612
49926450 263
51843792 296
119171997 580
55369778 506
94848585 202
41143862 487
40033548 458
155856407 802
93636437 487
40941979 346
119273177 245
51944399 11
96865496 750
50833645 175
154035550 497
51135138 311
61128926 413
73344944 695
151808849 267
77070085 671
57690862 376
33658967 67
140498329 185
60315055 371
97778204 317
4956877 648
46096794 706
73447981 81
115735030 301
158284164 168
165041756 109
51539351 469
132413347 349
157981189 513
69401537 912
152014994 344
133527508 57
68291944 232
33659032 363
10003625 643
68190562 363
11516367 435
79794564 330
154645436 129
139690087 493
15254437 461
58400257 394
81114221 187
126145684 360
161207872 406
505811 518
29105723 350
89595990 493
134938366 429
49322687 85
41345078 665
164940349 426
49523456 284
97168895 410
149384860 487
108982397 172
76162092 187
119475791 648
99799016 609
47510113 158
26876926 258
40740296 96
104745485 166
16977096 406
49423104 158
1925059 265
166660387 282
89192318 246
85245231 270
147768646 822
2731350 187
87573246 574
118262445 222
111197196 472
121491828 252
142621137 108
148878077 587
96462229 1
43064316 654
25764427 269
61026016 483
77069335 573
120382479 283
81517907 421
157373868 332
80603930 391
139792810 180
66166412 38
149180766 555
104542308 506
154946907 312
151810967 369
55268596 731
11213958 320
43166611 414
22327753 480
19601696 30
131907022 120
134937931 357
135140337 592
132413026 362
2630730 366
152318107 322
121902357 62
130897811 337
11918789 281
135242525 290
133728430 546
64152311 365
84742704 101
104439511 385
46803526 425
101413676 112
19702001 216
56479591 558
201660 554
118363022 739
160700859 410
161613334 431
125641309 617
46907168 95
72637646 521
111197433 385
116341162 365
103029363 336
36696108 306
33861767 339
66369053 577
25361054 508
9903108 79
71325949 239
66469677 347
133324842 118
130191503 221
161715959 499
149992116 280
25765401 624
23842142 512
26068567 129
83936896 402
80911968 355
135849632 229
132108794 453
78782298 495
67885014 182
75458470 248
130897020 586
151811778 433
17078778 164
107269782 247
57590307 126
138983538 339
15863541 851
125943071 369
8891712 184
85143891 422
134938182 110
156969208 373
90104364 359
43568520 414
20110299 370
30927879 430
123112593 50
161816741 643
13736411 760
152922047 590
28294457 152
77776404 554
133222930 542
101917558 576
58903898 226
75559673 91
85350189 130
116946148 198
165243235 610
102020386 713
86667005 613
32242604 827
66571374 555
70519839 526
94444879 394
106258786 239
143331182 634
166457262 143
25967715 181
112708311 100
141306881 496
154745802 187
25766013 75
22127088 193
106964525 298
164437276 158
99799371 574
51438373 51
3843921 191
82929672 603
144842088 426
76564685 519
17889722 242
133223225 594
101111987 280
161311056 600
45895449 293
48014690 180
134132719 278
59105687 265
89797702 513
159693340 502
60922142 479
53454117 700
117553503 252
85853534 383
99496889 349
99698433 322
83131652 258
37606522 428
127361695 525
145649932 713
61023842 615
35683958 557
12829169 564
44074437 545
154543477 833
96764719 333
88485942 557
125132575 739
128980827 539
95855788 375
38313581 466
132211484 465
48115116 668
65058229 538
150798744 604
78781753 278
112306343 361
88282938 585
118365058 131
68595948 185
7375423 236
12830042 181
129383816 242
156664381 207
19907372 676
42258507 468
121188776 474
134333636 234
163226391 419
139893193 40
8992802 433
87975999 94
86666258 445
165546489 336
61024656 750
4754236 680
62337703 373
166457357 683
39022883 274
117351861 368
13838197 583
93637427 416
74051754 178
84440564 570
95654487 293
71829596 327
153630851 410
101514561 462
21522344 128
43872483 225
17584309 456
56176542 123
78781793 377
114625503 673
35379432 457
6969840 272
51236160 391
111400175 469
40335068 302
112103195 316
43669986 272
57894402 344
23841077 479
73446940 159
84441247 204
58098359 482
161311374 447
143532784 115
52649010 561
35480872 454
16874448 555
13839469 570
32947543 525
59509003 318
23944828 459
147566415 166
164033847 577
132415130 379
161106857 639
121290001 233
80913128 325
138372820 531
33862131 377
22933442 353
23336939 131
97674434 678
123313449 417
116037839 375
125030641 700
15357947 530
43972930 489
28598148 512
19802574 175
17584067 465
124626359 301
98483870 456
128676277 441
158384533 593
71728094 376
123617929 362
165647153 327
146456547 260
99093523 564
52750136 609
132817738 549
505316 273
9600396 618
123718730 244
17483018 110
42258739 529
19805185 467
14041186 187
65863380 316
51538543 785
131000795 274
142722093 755
57488413 549
91818143 289
43267080 298
56480310 570
26675331 332
16671552 725
136353286 582
80402692 739
6365179 462
72636430 297
56882833 261
114624974 420
160298800 380
33455482 466
104949958 379
8285839 506
164235516 118
77171749 633
93029631 249
138575336 385
89192530 556
65865374 28
69812427 600
166659194 566
104946921 554
87572806 297
6969233 558
34571490 256
42054675 430
44075658 216
100609384 868
52649331 551
146557750 381
72636126 386
7171472 531
86362787 622
10106071 26
145448552 349
148575000 711
13231952 578
93028158 358
136556282 777
155652067 377
30417616 464
151607517 350
1822815 888
17586282 785
73343778 298
11516574 650
28193039 774
163427619 603
36091149 388
28900339 275
53555794 317
22932827 582
76061782 186
67076563 710
118868900 308
119878204 506
93230426 224
130293411 543
131202055 495
115735260 516
145650361 312
31232710 714
85346453 489
24451076 282
166155668 140
121492238 600
114927505 592
159190602 242
93535423 137
98685075 480
43670882 585
7375472 470
61127892 397
8993194 401
114322441 352
150295341 546
127055767 554
140295965 375
163932781 203
83433404 725
52045161 717
101112547 369
33862016 332
3238164 211
147363708 298
15356419 696
85450643 181
117452410 275
66773881 331
80604773 440
147062286 361
708748 650
37099632 7
20412420 520
58300045 26
147465189 558
49120861 122
120383006 422
17990092 43
149486019 452
126145934 464
165344676 661
100204840 203
10407731 608
50229820 347
100305373 312
164940709 467
100003365 149
151505073 459
48617992 470
32544993 537
1012248 425
27283203 93
152317313 540
7377124 757
151303213 164
104237644 84
125639590 700
15558992 256
82929523 263
42256979 574
51743168 444
162319617 528
135039216 145
24248854 394
159592476 442
41446830 604
56176217 351
51338105 18
164335730 637
107269872 475
33558013 669
128878861 442
94545848 439
37202849 492
82324467 371
81921570 549
150396239 305
140297279 554
92425505 413
29511714 328
30014742 611
25765084 257
7680993 572
142317063 512
77068394 621
49825861 397
103836270 461
104948664 583
153833459 101
158283656 449
144035500 308
33050592 614
1924584 368
132109702 904
37201516 869
65761715 526
64354100 330
137968834 283
39830565 477
103634115 349
13837425 34
117047602 562
15357365 844
138171105 500
58702267 270
163629049 368
118161276 288
108277473 321
128069049 547
79389859 207
504175 371
87673977 248
7882589 244
34269016 186
102019029 636
137362566 215
80808200 539
112707911 438
132817604 312
154544314 652
39022274 368
105755081 547
155048603 323
132008488 263
32243115 320
96058672 526
81921967 294
63949952 513
87271375 310
111399916 557
99092952 343
12625306 151
39728747 339
117655019 452
109887956 149
67784252 665
46098082 347
89901307 224
86666096 273
96562434 159
142825736 337
64957482 552
75056623 319
125538292 492
118060572 543
156664473 403
3339089 185
71626974 560
93330933 519
32343525 331
88278714 449
35786754 206
29509433 726
71728981 309
20008362 187
6264870 221
134535915 387
48316812 225
69402579 450
31334170 228
117150157 438
45285351 412
21622847 457
100508644 384
122608122 85
134434500 182
63546579 194
41648763 487
57386281 480
71023382 178
43569529 233
162320702 286
8891852 174
112909098 565
128878089 225
45287202 674
50933930 223
80199763 451
64756104 273
111802118 248
129081412 312
52247013 202
3742913 549
56479838 732
34470713 320
116039070 542
97170055 396
130090108 158
42053652 443
90409063 364
144641536 9
14345096 128
55370080 367
61934606 817
44781979 285
149688169 274
124020525 135
60317959 438
30724039 538
121492965 193
20917664 343
80809368 447
109283710 397
138473885 347
88485700 503
13333188 404
63949399 448
73648629 181
24552142 873
98889603 573
67683155 127
162623448 391
8286502 329
59004596 509
104439144 557
141204106 416
66267173 278
93433911 307
16670700 643
107066679 331
113413007 513
63848195 742
150396592 415
25764640 272
101112106 674
136455271 602
41649423 905
125538960 194
24655487 435
136150925 638
102726329 177
134837666 149
90307886 127
143834453 335
74554826 68
73040854 812
57385083 475
33861567 296
79084932 495
86665535 504
40740319 532
68493656 451
16671255 537
143229355 552
72535029 559
90105530 338
140093830 80
99396618 49
162219226 16
96562611 510
121087667 529
20814500 196
86463731 403
10911198 243
112607583 58
7173137 84
157778417 332
13940723 294
3237253 316
69708400 172
85345718 437
46803124 447
89799438 391
88279581 636
91617137 166
45285579 735
93434065 410
15049188 610
19906368 446
46904437 481
53858281 343
104948089 832
134737520 82
82727617 457
26978209 648
40740721 430
69709427 567
121594284 416
111298045 275
100406376 570
78883528 291
68595350 602
94344000 219
122306590 443
90206743 600
139589182 30
126448796 587
65965714 271
136352544 604
126146950 288
71830093 755
127564257 510
47510503 517
32947361 431
55470885 55
160096891 150
80807254 395
100204724 171
10005579 210
26979484 813
27889802 415
33454643 529
130897321 546
83936783 184
137766187 253
34269427 460
70315796 397
79388644 249
25866798 348
143834207 301
115230200 474
709139 529
120584891 132
94444338 750
138574899 665
89193785 611
23437362 206
78882825 424
139689627 271
128270984 136
104338035 265
19300117 343
157071414 308
127361167 713
22026660 305
118969605 334
23538462 467
41852673 309
16975275 499
110995940 359
45489323 233
82727545 209
88278170 559
4451000 322
65560666 555
36090974 401
156261250 143
1416870 726
137463031 381
88280406 517
9195010 473
66166742 411
134435017 612
154340583 628
39932541 431
141103148 125
35582636 514
2226261 322
30721992 514
128575801 263
73951110 41
152215680 503
154846127 221
151708104 95
141913779 422
23135732 133
69708887 583
137767627 551
139488595 402
79389029 359
141509307 422
27686680 335
84641727 331
1214658 189
145852884 327
56478603 812
607613 246
32544988 250
70519824 331
17587423 286
143026857 314
19500724 332
95855616 181
68797553 298
51741251 445
114524430 92
147869707 156
12219944 389
67078139 96
152923453 394
141509644 203
117351570 483
55873912 372
113817354 171
128878278 298
120079124 101
119172621 289
16266770 570
126550954 602
146054198 73
136759281 393
150194154 737
95150852 431
36897991 390
83534846 417
137565184 319
37200053 288
142723045 340
9498632 347
155854131 922
20513010 111
107974859 750
125334651 447
155048207 713
128980535 499
4348244 268
33659645 304
165041477 349
164033368 646
85857118 223
89797696 222
132616793 439
31029882 83
161308724 709
97676120 238
162522244 394
156361656 408
35480271 516
133829258 633
66267879 619
123516357 719
50129433 289
103130094 401
152821047 428
22127056 103
119677070 512
72637022 291
90512165 242
20814199 344
66774135 438
2428775 388
73649059 560
61530823 83
112910579 168
6264625 452
72433631 385
12423062 846
97271392 565
140699544 632
61023374 516
163729967 402
88487002 508
65864751 628
1214736 685
85144204 420
109787647 232
15760910 505
161308687 319
149383599 543
18492974 317
154340378 470
120179419 410
13534992 253
115129275 321
59509009 543
154846172 362
95855331 389
20814779 680
79592433 654
106460562 691
33456856 145
51236319 692
8790741 404
145045043 147
62641552 631
141812313 374
103533096 501
138679555 695
129081882 331
39829721 606
93028144 61
126146667 245
133326340 421
35480530 593
118364576 536
166558269 597
135645118 536
113816480 501
73345854 827
129584747 135
35990219 196
65259042 147
12625570 179
80605194 223
26775827 328
115733771 438
27992285 377
157272219 462
10003996 495
92827210 183
116038535 367
114019360 174
144439616 326
63245314 315
97067874 546
15152676 290
18996653 305
22025880 554
50027727 368
76665385 320
20814094 174
33760091 512
146356085 282
59105707 632
158384532 157
161310805 320
83937504 89
5861416 369
81820967 121
10911339 176
19802738 350
3540274 433
31233157 590
91817840 328
112304834 392
37199898 200
136050460 206
131806791 190
126044786 402
137969447 198
50330841 578
143228331 289
21120386 354
56681992 473
151812307 169
111096639 440
129786829 365
92223829 210
16773178 354
14847889 283
124625904 229
143633230 338
110996215 190
15151366 743
134636520 523
61022821 729
46500357 260
46399875 204
107471561 612
63949674 323
153124821 190
38820247 499
141508872 707
51135232 506
37203054 409
95049954 348
158182765 419
34065702 457
68493955 224
118969680 506
154442050 291
155651642 669
161614231 450
15048829 676
63144430 576
105855727 512
55571288 497
118768142 378
28394817 532
59912809 260
141811697 413
96563226 506
86665723 413
146456781 494
126651671 626
93939505 420
141913382 683
92020649 414
58096541 354
99901535 258
86667908 925
151809666 699
132109324 673
167268300 209
38312640 441
104949529 631
150295776 278
98080944 3
124322837 386
122407262 396
150800131 423
17585160 441
55370404 108
125943724 560
89900338 484
97676819 473
124322997 391
23841407 336
78984095 21
88076159 236
18795588 66
17587604 387
108780848 308
30722669 434
38921578 213
98584582 283
16672513 302
152216000 588
106158563 95
67379505 633
1417835 221
77675664 380
113514117 301
138678530 554
135746817 341
810895 437
104542670 306
98990638 343
52548665 60
29104604 445
83232011 530
7579477 314
119878482 501
17179034 331
66066062 17
16874776 401
73850651 332
99194964 447
135443190 367
42359633 346
115937035 280
124929735 471
29206105 231
82426445 55
76464343 215
79895076 373
150194064 388
57692457 707
29508384 703
23034399 640
93636250 287
160198006 468
155651443 357
8084518 578
98887038 612
41851421 365
31940455 289
60620147 416
92927629 433
69099725 148
65965509 389
155959234 631
67178264 323
4247516 327
8993375 538
75760582 354
69812905 248
145750869 575
132109041 427
109385167 278
26473928 134
31333824 326
142723221 534
92122406 357
12728007 516
34673018 174
102019985 646
155856987 453
103230555 53
68292166 30
156968809 475
53252352 264
11012775 323
84943326 178
55974559 246
165648967 697
156967169 401
74454503 80
84339251 193
122709039 535
31130242 320
97777987 440
57793840 374
91516565 208
19804150 715
47512058 365
103936749 37
2833486 238
128677192 415
153127023 315
90410938 642
136251895 516
3845156 257
44074684 633
90411500 163
21119039 404
132212021 562
11718428 103
102020950 700
121189188 467
105956865 170
36897879 217
112910607 566
15048735 129
3236955 382
18795595 341
166155015 516
138782161 383
165750994 563
137768021 407
103431111 861
73343348 470
26169082 473
15862077 328
153530059 13
68189921 693
35278493 638
74453764 513
141204966 441
142216228 533
4651881 414
52850978 171
138070698 392
160804363 750
140195410 331
85245484 39
4247490 171
55470820 111
153429137 721
68596078 264
116038690 482
110088971 34
3338692 274
7478451 307
118768354 442
142115403 382
2629970 563
79997640 493
66571097 355
12424253 419
63144056 672
42155420 517
151201683 236
162320454 262
106964392 363
57083638 80
56075216 416
114121382 287
61128428 648
46399940 257
65864174 900
3338889 274
69506472 337
69607106 309
63446092 214
151912747 338
118364147 603
140800687 227
20613303 36
138679146 618
6969554 462
57385233 703
30927282 848
113011508 262
80809763 621
149384354 541
161107176 546
139187593 111
87874860 317
89900636 551
13735830 386
16670151 524
6566047 234
53051517 54
43166836 242
157373335 413
63647377 319
126854196 562
30418412 561
39831701 323
57589348 375
132818330 77
90408335 689
123011841 442
20009662 271
13232370 312
28497233 394
15659698 235
87572885 450
57183869 290
87774492 144
11517090 302
10608657 184
97878721 527
63949197 460
104643599 756
109283787 651
97676506 630
3135221 230
24654977 499
50129347 313
89798221 610
34269160 286
128980116 456
141307961 422
136454934 653
107370799 90
102021402 472
92121185 308
121902199 180
146759605 623
55268481 293
3539960 571
123516784 825
85854842 346
14243099 614
41851389 64
161715470 328
63848751 329
156865397 192
60316886 438
19097529 327
138680758 457
13838048 440
79996877 552
32949845 336
107874122 289
158486608 589
64554904 363
126146852 319
45792989 179
118868949 584
11718247 259
67986670 488
81013579 203
13030547 214
152519427 45
61329747 272
10608986 194
54361844 246
75559231 288
135544545 143
1114324 184
125436072 549
2832857 358
122104514 487
98785819 512
31029339 599
14141518 323
79895039 285
134233268 263
17381816 483
113919026 291
34064282 467
118970436 637
10710269 336
157778597 367
152921733 494
154341415 396
14041309 176
114523643 184
155857403 391
65359464 525
14243457 626
21119684 365
127766837 418
19803358 469
37202056 577
112002554 171
16065490 49
7680185 724
147566001 150
2934045 213
67986264 603
13736035 563
8791309 200
34066890 759
21724113 546
159794059 241
64756505 275
89194205 213
43569019 409
41447417 341
24046900 295
166255829 155
139691100 359
100609930 634
81720370 430
133326002 557
19198544 467
135343000 106
110694061 295
57691538 800
82930038 295
103735423 368
127258810 447
22933771 278
144741750 12
78883816 179
106460936 717
133930943 834
42660690 332
29306635 256
76464122 402
90913686 288
150597274 545
25260221 362
12220045 315
80403109 333
112808710 52
104644114 513
110794408 490
113816019 263
158486166 684
140094717 587
149889841 520
53151880 192
138983126 430
13837714 376
155853632 779
118161380 312
124323454 633
33862439 380
142825720 188
58601667 331
69402868 418
94343625 292
143026804 80
83433836 409
147062561 276
155855607 600
95653884 412
15559036 393
32444029 295
35887798 196
144337818 398
43568728 449
102827457 314
64856905 141
68594296 438
47007393 325
18996617 251
91819210 804
126652208 423
29511163 573
70418915 421
133324066 508
89798557 595
37807171 227
76262810 498
92324088 243
12524867 230
63747787 251
107066367 483
68191191 496
126146196 470
61833052 607
138982935 304
123819308 329
90207120 503
72638238 353
129786933 596
29105199 656
27888852 621
128371342 533
24958688 454
142926331 263
20917467 209
69607278 453
152013817 676
106864057 175
49523365 296
163427945 411
52447849 244
4147227 177
66268361 289
115836128 550
40335497 668
46906621 452
132616517 426
118060415 358
34471042 275
99903011 95
74051664 111
101917159 188
116643914 355
20210946 404
161412125 276
30316612 509
99496752 384
131806653 181
116341969 231
48818934 338
36392722 413
122002976 627
4146949 372
23236259 370
39424889 453
17483456 478
37200978 828
160804788 670
115734479 420
125133135 497
67783659 349
50027159 363
5158476 114
107974539 565
80705858 312
121899993 509
50230405 237
15862766 478
48417260 153
1823408 615
139792519 396
60317529 521
128676796 217
90105829 354
36796534 493
162623002 270
18694684 422
139086946 459
140296248 429
117148633 291
140093856 438
27991526 719
127462502 337
151505430 610
56477671 340
83836083 256
156060159 312
133728715 375
36192123 124
135748976 363
29612430 294
67077721 500
59004301 420
148676719 427
53453550 305
150698209 316
29104159 245
74755276 310
20412726 255
110895582 347
107065057 541
60418768 429
19097792 291
27888278 607
35887362 132
103735020 193
95252039 219
107066968 259
162421052 288
83232264 380
70416519 128
138678761 585
165954210 285
67987850 793
118363857 488
136960808 588
27991970 621
95857415 348
59609812 350
41751172 20
144842070 75
66267527 581
79390702 409
28192949 307
151302639 658
3844603 552
41650586 353
7172678 349
34269693 423
87874783 177
28497464 444
6767124 353
12423659 591
1619801 510
160905717 167
10709664 892
142724906 437
120785722 7
5660662 281
94040649 666
89798890 680
2732285 425
28396413 321
72534876 262
152519449 99
79389614 304
22429349 259
90913408 450
22630949 43
85349676 440
88384669 86
33454294 594
108176702 279
117657212 680
149485786 350
82123209 613
165142222 430
115836074 383
46601221 395
71224227 121
97879030 471
66875363 113
120281543 456
44075850 139
144438728 635
88890455 354
101011496 274
162522565 205
85855118 307
41244680 52
117859470 309
20814584 438
6868121 481
114322466 659
35785425 547
66875015 226
58199103 282
20713541 99
43670522 678
157069881 844
89495545 411
95251564 351
35785003 610
12625366 216
115733998 629
141511019 172
64555120 437
91415841 302
46905438 307
121798059 518
88790175 219
94041386 509
148979351 329
108277273 276
5057756 366
149182443 512
125639468 330
146658403 547
85753153 322
50027520 214
55167990 325
95251596 481
93738016 289
108478899 70
115431706 344
94546257 326
11415194 561
138070101 306
79086416 399
68697042 341
74956221 168
147163167 301
97675508 662
85854577 538
142826167 100
107572853 371
30620105 577
165648455 796
163629301 354
37404936 210
35988778 574
44681072 416
123012197 380
137766263 585
21220983 45
70721292 531
68594869 801
127967895 275
90410135 538
48517546 110
12422536 95
97573467 400
156966598 267
2226794 103
133829989 245
74855893 260
94647631 470
44075398 319
58903603 359
52044534 441
118970121 310
113816148 573
121899371 911
127359285 543
103029044 530
99901181 460
82828348 416
109385391 458
99396552 101
138473919 457
15861838 529
59610216 307
106057721 484
149385031 533
25663733 398
31334418 359
3540938 427
5962450 306
67987100 448
33454893 688
41648620 350
10004678 284
23538769 196
56681930 221
55773207 162
38210671 455
34168288 300
23135526 226
166863053 546
139388341 163
33860790 614
129989790 90
11617750 273
8588650 393
78984328 313
86667557 673
137767447 493
24350567 211
43671657 560
135039005 280
4855405 365
61026350 358
35278968 402
132919031 282
34673078 645
19803975 403
116140415 315
79287796 541
88788961 305
161715516 768
107065294 574
10003503 251
137464544 486
83534373 417
113212362 176
53453829 578
30824890 345
81416368 462
132415593 628
101715904 431
26977195 356
97573643 527
106459916 622
68189326 442
67582489 342
24148351 330
106057377 359
128069764 379
153126654 607
25361305 367
99900803 665
122105171 407
38109626 518
12320756 597
3843855 146
38719287 378
130595877 413
98786037 358
27182163 512
123313190 418
10206730 373
145146782 231
125943648 365
10307193 95
98890341 197
154237547 575
55974773 336
23236081 450
34673485 318
98181178 130
156764980 289
85348016 620
84339661 459
128576010 204
102324093 102
13838937 252
35077648 79
96562852 615
28395045 772
23034309 122
7579228 522
46601391 744
130796798 207
53455011 717
78078778 265
38415495 706
124525169 277
140598860 267
8587767 588
86058223 233
80401481 371
137464151 664
114120853 338
12019319 6
123011507 534
16065527 18
40033253 230
121697411 220
42054320 273
38210897 590
7983098 216
46097732 549
20815771 535
115632362 464
72635962 384
46802892 365
147566853 777
147567386 340
122708797 475
9397551 594
150092848 712
45995769 85
34774750 513
26170355 729
25059211 376
30417804 356
141408391 126
154236714 337
154544783 455
49624630 385
4551576 96
150900759 81
100003377 718
112306703 18
69505924 623
41852293 522
22328070 432
79389365 254
2226531 353
135746024 697
153024064 169
60113721 423
115129010 491
22429826 556
135443694 574
38415929 462
117858421 497
101313418 124
29712981 432
82828696 464
3135610 498
23639804 206
142723606 636
34572591 294
150799876 440
144338212 229
109687559 5
67783599 115
38314425 263
132414745 500
69403971 480
86969538 241
74152257 440
31838809 227
94142045 105
55066797 874
71526550 329
143633157 120
16568839 321
116845424 440
127157356 260
82223956 249
94546307 614
134434170 356
43669963 202
68897981 362
75760720 378
77574069 222
156966147 649
93939596 548
165243629 547
98282055 502
137463612 609
157373622 555
78984107 506
118061075 143
43973559 549
25260134 116
40941654 368
23639228 729
148474087 20
124324198 233
114726696 265
138373081 538
78883002 542
45692056 486
131201494 268
165647457 156
137868622 80
25967759 211
118766940 639
121901188 329
30926930 631
104949141 616
112910119 462
100507151 202
85855388 486
42257726 626
159291022 508
128473815 713
65661239 282
61329801 409
30928347 351
57690572 577
38618046 364
86259029 721
148373308 242
159693141 438
36393449 231
40336663 509
136557186 616
125436312 731
23537931 381
51337506 608
126854020 452
82526819 15
102626107 202
29206119 263
151302334 591
131706206 246
48114933 327
93029294 541
128879582 352
62842920 58
114726542 274
45286665 710
64353630 259
38820026 217
149080191 353
155752493 353
58400202 301
88485092 389
11415738 342
78078704 115
44277183 246
94948844 68
1215638 296
157476308 328
98886625 318
92121101 171
156160560 264
42963949 109
97573349 243
36090608 540
144540966 298
97169700 539
121087112 799
64051201 555
155853536 268
110895149 363
12119337 434
43569740 203
158183137 367
17585381 631
93330868 248
117351488 205
133120383 244
99597735 452
163528375 352
162724002 182
129383834 298
61731523 296
98281517 325
122205879 256
125030534 353
113614548 500
161817423 262
73344549 657
99093821 667
32041057 4
135140767 314
20917017 273
165751321 484
125537914 274
127665748 355
135644876 428
71627224 585
158385265 421
153024497 86
4855265 196
26574364 449
45184659 302
105453408 286
8387043 209
121898709 351
86666410 870
130191131 495
96663888 555
142722531 519
9196230 229
61934201 163
23944643 189
163729897 322
131302962 241
61833524 420
60619996 173
85349130 435
112910942 408
4349245 541
160702840 415
26978561 801
104846122 346
67379337 257
45286383 191
61430399 171
39728860 289
107471178 534
163932019 257
112909697 566
77675033 265
60720741 280
118262064 542
97067634 360
125640813 644
69403575 133
163932183 549
38415153 517
33353515 269
161918134 270
15458666 233
15151870 554
24047922 264
118363513 628
40336201 552
106057365 62
133223560 338
141711405 283
5359423 104
19906507 836
29511853 317
121697086 338
26169457 674
132818197 195
154341003 297
50229869 502
125233688 205
32948652 504
84440379 328
403407 32
88281839 744
3339209 173
50431796 284
36999239 224
130494859 279
71224268 350
37908201 291
96362011 134
1620510 371
160701225 492
155854741 632
25663634 300
86158746 29
27081247 549
113918169 488
43065172 685
98483768 359
50632697 40
507264 341
114222144 181
94647932 262
129789153 235
31434935 279
18492791 403
80807615 352
27686423 462
8789559 584
154339931 543
131201519 717
123819130 350
16266339 744
17280220 352
114221882 403
70418604 379
76766030 316
123415709 343
57386092 426
17584574 568
14545676 379
72332973 393
89696866 490
116040080 238
55672111 371
39324129 308
145145368 550
47511023 694
70215409 70
55067428 527
111398367 182
91516507 246
6062908 286
163226097 483
125335385 113
79288105 259
46905004 315
127967952 356
99092934 91
130696412 310
92122019 482
20917326 243
60318315 214
76866588 431
73447081 638
83030524 191
19198351 386
97879768 543
165647772 681
154946717 495
156463251 359
59912025 552
134434633 363
136657940 349
80807743 563
20918182 375
81517239 448
22429230 189
122306273 556
65359437 226
26776471 205
12726122 595
159391681 32
93432173 649
106562019 181
75056397 386
112909020 323
85854204 526
42053895 547
12119481 322
146255058 16
50028614 492
127056982 71
114120473 470
24958303 509
13333452 271
127055158 246
40134320 206
109486592 91
97677288 211
130900066 527
87070071 12
116946478 317
96059434 300
13736918 282
127462334 500
140094617 402
16672018 532
38820490 526
115229667 291
64050986 332
138171387 389
77272694 51
83332651 251
146861775 153
114524456 252
33659078 840
153327983 290
23945382 840
63446163 153
90712822 50
35786214 551
57693376 449
113413200 596
29002351 183
95857110 322
21421723 237
30928521 394
95654129 485
98886790 464
144843823 542
76866368 244
115735603 311
157879890 497
51539686 386
155149312 241
146255185 511
161917935 382
85043538 249
127360710 682
88891076 427
44580137 437
130898294 886
160804107 550
41548009 321
46906232 460
156968338 291
129788092 549
65863139 401
88384426 313
18190897 340
82325631 364
141307637 477
149587338 241
45288155 566
61025224 601
61832121 328
77776256 195
81619453 371
39022054 353
50733078 350
146861431 405
107168706 517
117452294 175
110794374 126
136960634 446
4856172 432
63245147 191
11011783 167
18594177 87
42359465 231
100406062 583
17788615 341
110593383 348
22328334 547
86564175 62
117148926 478
121900900 302
138680490 411
159895055 292
13635346 330
62339589 506
12725825 511
33151759 70
78580780 393
105856037 501
145247511 393
19702188 45
17078167 557
144843115 395
40335947 498
18795818 213
109385530 592
1822198 522
34064844 607
24857700 362
18594082 105
128980065 200
19803645 470
30621322 434
45287602 652
93331443 511
23840793 583
29507487 480
140699309 488
20815214 597
109988407 291
136860340 16
3845079 232
147464441 546
166356221 348
126954915 43
142721662 635
34067360 579
148575897 456
81618508 93
35989328 621
80706185 406
116946647 628
97372007 420
128676650 223
41042718 421
35684200 612
70620682 185
136658215 459
76363451 401
69811279 151
75760358 288
144439227 635
77373224 162
47712810 150
20009198 315
61022724 391
148878348 744
10005081 596
148071473 182
29003319 360
98890031 349
164335688 108
30317247 179
164538071 2
158182293 672
47409402 119
154543371 333
80200026 567
77069657 761
41446147 449
160701508 795
61832436 285
143331639 500
68696739 338
88176708 501
56581319 278
27483761 188
56479159 516
123010976 593
109988319 154
157172038 84
151101221 146
70417320 488
99094368 192
2731409 592
163831504 308
29001511 514
28900580 518
506630 488
151809178 649
145851770 393
135747754 383
49221836 354
77574170 497
14646382 323
96563537 219
57486886 586
161512641 402
138781454 421
140902420 116
109082712 323
112406784 206
1618841 652
66570874 285
84541703 5
30722851 579
64253051 98
97169149 394
94748330 244
1924341 443
83534542 462
72940452 238
29510283 235
7273944 625
125943564 119
44983660 392
107167282 444
11918734 80
126652812 541
166659980 497
80912677 557
132414205 778
127563634 400
10408237 174
121491870 642
3237458 450
84238864 220
125842602 337
25562779 284
11314516 128
26979996 522
146255059 337
7680590 667
41143399 747
35989679 704
73242693 268
7273281 349
9094336 203
73142531 106
63848984 144
84339352 521
153227512 226
138070362 489
132312682 178
121188637 320
50028033 491
63043705 224
136556821 685
119475717 226
155857971 794
158687784 329
164739014 318
24551811 660
151504188 351
32948924 371
131604319 453
12728654 218
33455696 678
80806947 523
137766528 607
5459582 502
98992164 499
39627392 493
47512286 313
72232433 56
92223505 461
142721553 207
30014400 83
18190500 516
96865183 450
30417452 304
69200005 405
70721708 317
69505353 192
65158935 65
85348451 428
160197358 512
117553325 398
811025 487
132211325 180
38312139 676
8790842 540
79390238 579
123517359 519
88484924 362
7171431 272
45692367 480
105453086 441
48216298 7
1619275 585
24857393 439
126045150 202
40639606 382
147971056 360
62440908 345
98281563 704
34875722 270
52548350 328
60315489 715
101615169 159
136252079 459
11818591 93
118665885 225
104845711 315
16976107 740
27182147 325
50732874 344
140800878 500
34066057 224
42863234 371
38313199 449
125233722 534
158788301 27
125742216 105
99902056 634
506977 507
96866890 444
33963129 424
20917872 588
130495101 496
31637977 263
117656864 661
45288555 397
30825803 315
129788409 728
18291836 618
124625872 107
166761624 223
37200845 451
145247343 456
161309281 485
51135493 305
148272536 541
100507602 643
66975793 293
40438571 575
79895362 594
31839030 349
148171761 155
56581541 75
29510745 686
127360088 375
85855600 806
126652444 579
30621068 99
151809039 424
98887967 922
82325060 691
142316959 182
126449315 694
68999371 41
125538729 234
81921268 236
122104185 363
99900203 302
51740870 502
83433089 455
88177539 364
503901 381
18996875 307
45894832 507
161614767 417
13232673 298
134837676 227
129785932 859
51740799 268
107168007 457
51236017 203
31435716 368
17280551 295
136353744 390
155148933 254
67987386 792
153126014 544
17586751 648
152316795 280
136556021 537
50028264 573
66773628 427
115632920 562
116845303 230
124424712 58
32343486 137
129484277 280
27685735 448
17382099 447
160399717 102
93838672 559
143228491 606
111902491 12
93331639 371
100305145 139
76564669 338
146557639 204
7070411 200
138373514 206
22026187 503
45895251 247
133121643 697
5861716 420
42359943 62
141510526 506
25461995 309
109587035 262
70721199 228
133427029 351
43972920 77
139691335 653
22932662 329
133324683 223
107169353 207
70419095 524
139690720 575
55873512 542
89900009 91
8286233 226
80300849 323
113817035 377
2731792 750
136658875 277
62340333 302
147062707 167
77776737 365
26574167 206
163125167 171
142519387 129
139085470 754
102425460 244
44478743 649
66672412 277
54160762 281
94546704 469
125334792 618
72839968 157
61025559 657
28597952 280
35582502 168
124626494 596
124524909 390
58702015 256
128170569 219
54059951 277
132211646 667
158587357 249
39932230 592
103430709 89
27787302 462
157474889 264
75157386 247
108881675 462
80199606 217
107168959 453
157474474 646
91616870 276
127055650 170
86361636 318
27584598 205
121594109 461
145953531 305
63345645 315
103129833 457
129787654 752
52044828 661
39627679 748
68191758 179
47208394 113
71325358 677
100507378 402
79592837 482
103330632 69
166963888 417
101917235 604
148777159 206
23843064 402
7478718 212
69811380 476
28193545 535
27182563 392
106762973 315
83030648 521
70418318 316
26169859 657
15864141 437
104440053 527
157980722 761
137463138 730
81921467 292
148574300 312
164437656 329
87170236 397
98483621 239
50230189 344
127766210 463
113312578 136
69403631 540
161614445 418
81720085 413
162119021 93
102222900 641
16670404 543
39626794 801
45489368 642
57995876 612
156563804 163
116543594 34
107270140 405
87875016 642
34673790 131
18190479 226
120382688 395
133627874 224
139689743 423
164034564 11
42761539 368
117657603 446
1619981 677
157980644 312
3439792 29
9599172 394
105251441 285
152418665 523
13839109 397
99900273 845
67783745 608
32846765 283
45184828 200
127056554 470
110591984 267
96260648 352
54059274 188
83936671 216
89595969 352
56983233 103
32141284 749
46096452 147
72738702 214
128068590 526
26271227 485
4652020 654
46803670 427
102625796 320
114423369 41
130495363 325
147263540 3
121797637 94
74152106 384
152922951 360
70822168 180
39223891 216
29002843 685
38820156 241
106359428 240
72637949 585
46198737 249
133122039 561
143432418 313
43065623 648
145852162 159
86258776 407
3742588 613
104644568 77
149990561 316
164134667 125
37203403 222
131403466 330
39625973 639
126550420 311
159995357 439
132413548 500
144540045 349
84238816 56
55672230 482
88279929 482
36594968 690
142825624 106
38008665 163
35177880 20
82022554 144
54562429 589
49623939 476
101615318 147
5560301 106
2529228 278
147464252 465
80098366 153
13232719 287
33760339 268
26372818 553
7070685 551
111398970 907
121492619 389
145549297 248
26271471 691
9296862 539
114523922 526
63950291 398
47612608 24
88991641 69
105554263 476
64756154 430
110390807 361
130192496 397
8992073 426
47107904 386
154339479 734
41547835 416
124525472 180
97674337 373
127257841 293
130595799 311
56480860 225
117656387 641
61832560 724
103430792 645
53453498 295
114624878 128
135747128 478
151403760 191
14244181 760
39831372 372
165953278 418
155047657 799
101917875 560
1012819 693
145448883 174
97472975 307
81114553 467
85348680 662
121695817 604
128474857 688
145953902 205
12727493 517
162824407 174
13131056 533
15862694 266
3844104 353
60921847 624
149181954 735
1012621 525
91014148 138
95049068 503
99798828 422
27685490 433
30316791 466
44680774 360
83937181 329
135141718 366
41953255 167
93432499 657
112909475 347
26168913 259
129989839 151
4349698 532
162521491 344
129082136 165
157069702 439
152013450 111
128069325 522
66975849 285
131202291 518
17788714 542
14242870 451
133930427 822
65761660 107
44983612 283
38617741 571
98887561 714
54060011 466
166964210 450
51742408 464
121901477 354
119576801 78
88788788 178
118362930 268
83434188 140
23945974 584
157879675 414
9296614 576
42761259 419
154745579 343
7376719 661
9600840 371
16165870 32
58098157 464
123414420 347
121390779 837
109486632 92
165344350 411
93432908 596
163225811 334
26977804 500
75961440 256
135140145 135
72637219 517
88789822 452
159894550 213
140297111 447
135141368 670
97878633 266
15355916 555
82123029 500
92121332 623
34976462 417
157476084 510
102424222 502
165852396 196
143229596 670
88282609 652
117960100 314
3136084 292
708371 644
7376376 511
152619995 370
95856345 488
76262680 437
18593649 480
131202779 51
102827755 287
911610 97
69402119 474
98889073 855
25059336 263
31738468 64
159592199 598
31231833 477
13838672 313
144540163 685
89696616 542
133931551 304
3035088 118
67178375 378
47308992 128
98685323 322
112305269 687
27081528 505
55873484 248
128778008 21
120484511 52
116643758 183
100406750 293
79187279 220
145751111 351
119272963 324
36796500 254
3541323 321
121390444 565
80810587 588
24958195 46
142115101 584
128372705 150
38516981 448
18896285 38
4046127 523
35481642 553
115632544 647
127563727 807
11718118 169
86361920 310
14948370 284
30723433 862
121696104 546
33353386 369
29104249 574
126347965 139
136352853 701
32746049 406
149486299 245
47409365 114
41143364 216
112002714 66
131705317 701
74353281 297
57589954 386
139084514 555
147970835 309
122104803 636
143026924 597
2225970 467
47511532 465
36090456 347
40437520 52
61229429 180
164336064 574
122910247 270
166964774 348
39625739 534
139086241 316
54261390 343
62338954 309
135748618 483
157576918 312
59609871 564
139084854 550
27686127 428
200106 408
103735206 448
79591929 636
67481601 429
35583422 325
32949230 463
101514251 597
152923129 531
50833432 303
110592094 606
130899660 368
33353277 187
31537012 195
4247754 233
38719449 513
165648146 525
124627908 398
24857225 175
12320644 441
77574032 39
90002704 635
20008387 502
46096331 140
93839060 250
30519516 335
70013917 462
65762357 471
115431521 502
132617024 332
11011749 66
36494041 512
151302133 475
69710997 219
10004408 351
96967460 87
158081938 260
120180914 417
33456145 576
30824692 318
120281959 234
120383732 491
111500888 31
145146122 484
144438624 279
74152684 27
49222382 78
118767355 647
129788903 316
124728604 301
13635467 346
34976188 525
26977506 618
15254987 472
60418617 297
36091394 376
107975382 275
60315362 439
21321335 240
78580851 466
98383095 326
106863431 490
94647356 493
38312026 301
88789374 733
151811619 162
127056058 664
48316541 485
123010531 374
155853205 397
56276858 124
16773013 198
201275 695
39424587 54
133324953 206
15152767 804
18493254 51
100003 85
162319953 562
153933859 249
20110641 198
61631177 117
7375957 691
5258759 310
147566116 317
163932453 527
122709536 253
54462154 154
120179646 459
72738742 327
15150566 627
108779986 543
85652552 316
94545637 510
6264080 296
109988505 395
7983271 247
91214883 381
57284436 339
101715720 409
161512869 358
1316213 172
89495417 270
79389939 573
6264289 384
59207583 371
67988365 422
158283814 431
130899949 314
124929563 382
16367893 398
42256759 293
142518790 571
26876810 283
125538007 460
46096096 349
15660426 318
9701482 277
107471978 493
148877847 274
57692042 637
152418511 477
104137322 316
26372609 189
124121213 637
24958228 180
31637449 346
7273319 627
7375722 420
90106081 147
2327289 756
84943134 365
100507177 381
154237945 386
165953730 512
64655720 72
128676900 351
135242443 219
127766398 670
503581 522
143228935 571
90104808 472
164234981 464
142216460 453
24046992 651
94242424 201
15254583 573
107572696 245
137161935 121
161614982 233
117047885 582
25867115 551
23034752 576
146759929 729
29104937 511
84742414 295
88278992 519
108780577 346
116744428 506
152317062 326
138576161 360
13231897 354
80603863 270
47409675 318
95352458 332
85346644 800
67380674 200
93534662 540
111398503 427
150093751 224
62339083 718
13333599 368
110390125 450
98888567 764
40234947 23
118970307 450
4451048 331
72739224 501
149384000 613
126044579 294
146457061 382
6666332 535
92626300 8
21925700 29
118869469 134
52951166 55
26271958 420
1822418 713
88282309 404
146759488 229
65863702 772
85144594 441
142619681 377
166356773 411
46600894 388
154035196 405
144136290 579
27383506 70
166761785 424
57284369 89
164638198 241
38313886 488
10608703 339
122205684 334
166963764 221
91818296 628
59004916 498
162924756 43
15861811 105
6867759 246
156967367 543
167166937 353
64957168 223
151607179 328
43772282 21
88176475 420
160298931 506
31232404 625
25867470 239
57793943 370
116442473 373
59307971 401
1618532 458
15255222 254
44276791 541
80199418 223
16266222 410
146760341 503
32948314 547
151708157 183
102827087 636
120281426 365
6767253 455
131101164 265
69505456 406
143230542 426
1417343 622
139388148 300
62641878 487
132110766 433
115633262 426
126550458 778
139690357 414
17179514 385
104438779 504
39626412 685
79693938 343
161309732 529
149283244 211
24654594 646
2025470 167
112707805 300
86361325 576
54562730 726
145852480 452
32947839 580
25866367 557
505415 729
88281070 575
156362197 409
12322031 450
164437385 287
54059504 374
117149243 262
91920070 291
53454718 620
82929511 160
6968931 399
98484274 206
126449701 556
43064651 738
72333269 243
53858513 435
149485633 332
75056863 219
72534394 514
140902450 306
160096999 342
71123688 252
15150079 390
15862389 314
40336890 505
117554414 415
112304949 476
67784659 302
87371847 323
9600049 498
31637498 547
60316462 687
73344005 512
130898043 551
66469908 170
86362479 476
94647224 273
77071017 271
73548351 220
119979018 27
121189437 413
142619993 441
23842756 602
56377073 265
153933666 413
159190480 166
137968998 454
46904650 381
82627045 316
113917901 409
128475297 294
130190803 557
128069869 596
38211397 346
6465824 6
45084339 11
28396093 410
105654781 48
86869324 111
64051607 414
139084034 402
54261140 385
141203661 586
124121518 544
80604335 600
37505356 391
114119705 87
102425243 420
101513994 306
165751931 336
23538080 670
3743277 337
73344319 433
149991575 785
155249598 134
140296988 126
24047387 670
810178 405
96867280 90
59106156 490
121695051 517
40841377 25
14242270 312
23946497 269
34774168 717
115836554 391
141306719 387
3136354 316
91214624 328
34168317 384
125132271 632
164939830 280
13837456 489
29508928 402
114827046 73
62340018 477
160700835 98
121695026 96
103533091 167
9195813 460
11516142 256
102018980 380
117655288 830
113918681 388
51539009 496
150295261 337
110491424 173
1416441 207
4956683 523
77675389 383
33252302 373
110592415 688
6867933 345
97068123 623
21724468 240
107774027 31
11012172 466
10407567 430
16669274 359
7680050 267
39324244 307
138882682 100
80808534 606
144236986 117
14141621 346
166457735 338
73345491 679
149991324 479
131504114 41
26979167 609
130191722 456
133120850 556
130898923 634
16367512 204
52750007 437
86668843 237
85551664 547
160197650 658
42761874 330
69200288 375
98991665 667
9802393 426
82828924 517
161613627 436
13940544 236
17078458 324
96866264 748
122910112 143
59811509 221
100305657 349
86361088 394
33252728 155
133325774 505
151808608 298
128473156 609
58199500 357
7070537 402
140296448 599
156967757 452
39829434 559
54966317 111
30722220 626
139689496 134
95252130 253
164839635 103
