5000
795499659 574969
46087001 302125
695612976 119685
53683225 54646
825120239 159747
749139045 224677
337894081 89713
502762891 378571
640533970 139868
127886432 540582
302558591 106926
997029481 288
455624150 243258
984608708 259847
680942228 302100
615887203 69079
118653745 271085
607117295 432374
421260827 193311
365901838 49821
362787877 179418
221418564 435012
537149261 10524
926817386 57460
371263773 72235
330145315 250257
106543379 58270
56175367 65203
456125662 153874
55074248 16459
143578114 94227
528484844 310088
101238907 158642
112267248 168541
133256008 21501
256980509 59769
819817821 254309
287898017 129683
839364576 76620
664389872 39296
218615496 2554
199852444 208943
804632363 387152
251822654 348200
491011617 125195
594786918 261794
596631626 488649
130282226 172386
969122690 296262
759349944 12431
868548378 60821
540386504 290558
963461134 94531
819077130 150493
874174599 68037
328164146 188653
893065289 407421
68486746 65617
437838620 290329
901452193 454054
967767709 405310
914491744 98184
170795141 808092
103456812 93693
404507207 21774
582536511 342662
50150929 69594
103653163 176386
335927123 65140
121042378 107758
636027153 355155
162568842 40251
748403844 303082
785619532 132123
758641164 239871
640727101 6241
274104598 377152
8745150 82306
437547044 42860
114642939 89856
159020182 215177
905884919 237045
345557584 233019
879603791 421561
117495534 16974
461085075 79184
397037498 154491
316500856 208277
614793676 100070
924846576 179231
894224909 555665
471566477 169308
463670648 416859
167775077 285177
162809534 357762
988492323 202488
651172190 62533
236773074 30659
931265910 119387
763286034 104719
289352979 789081
922534619 40606
759329819 163761
39754328 41854
283845397 52503
441572006 83198
993737235 13648
926907878 217477
72061346 25788
560398682 213179
505361900 103054
172066384 228830
494943487 53512
346139588 41362
107959848 56076
734298665 604529
463383440 39473
99857449 6223
276988589 161522
954504338 320302
187734852 10580
985300785 120383
218697252 33276
375044664 66300
672845268 152587
746376739 120295
718647227 355587
719202875 144547
48355760 67002
353689537 76093
20003523 135785
835035633 328451
208496678 462310
290212315 127904
41552952 75833
542658181 148853
104517543 81340
955964060 98666
83346212 75680
459192527 41696
135473650 28578
451662949 195745
121209124 190605
915743964 405939
392223126 368757
143894139 250251
575290671 247025
666187760 137450
705056138 154142
55817564 18318
868411772 92555
118944091 337538
359376529 298125
190526946 481979
190665162 75157
42739440 80611
64374647 258167
393650109 118469
883746416 371721
956225376 95060
104342679 75219
612843837 89149
502337867 80800
592383612 83466
935290639 58646
445189835 615212
135811021 41278
940430623 68342
744382881 93151
173051500 315641
104638986 72005
854584860 415624
129065433 94404
625315286 45922
573624325 134989
598276933 59658
801348373 390323
644815264 20609
18207114 161647
248121871 137184
641340474 696437
87387495 158328
309905276 613698
659866484 144266
619565803 344897
462881597 54201
330679533 198894
72948059 103428
581793196 20568
112787090 106547
723687035 546667
250311454 323678
23316977 418589
9525952 48113
523734344 3331
869608562 745497
965572662 139715
833683837 199055
991275580 184652
488985563 17716
551765935 66860
205652999 126174
41694518 147204
755876505 482
524066586 628190
898901634 104268
787610412 41351
361800524 288708
193925976 63564
823438068 224690
147180539 84466
632525790 308030
219882943 246605
23190219 56891
587814181 285425
498556293 153928
720373705 83958
873399031 563980
805261895 168491
704195753 111161
747408985 160438
74933505 87084
668612177 290493
321781797 75035
404656820 287294
747389326 258600
796439632 252933
982965598 8533
468519144 523579
68374288 148486
628002558 121720
847104909 28659
357002049 514067
92360411 12037
234281953 216615
831910257 110552
75360096 64041
719630108 436950
338991466 23151
621820131 123853
685950880 113388
192250724 308147
3404990 103447
527644815 39317
850940769 101703
556599480 83477
865339429 389831
442907891 111949
874781992 207676
372138159 302676
152716682 670282
963613454 209540
820876091 160316
619307439 125092
354336478 57785
389759379 195858
315793141 407727
548391043 132188
242367248 654663
914820305 407682
380392796 174130
701080435 207889
26982303 35005
5642493 97930
485644378 205
913371961 250733
52399685 187382
754502259 16441
710686209 279380
254382792 5734
905929603 344003
557571288 321926
944981448 40038
974091157 113199
40284170 89903
518636402 78070
81142521 184998
74909717 165443
524991580 178630
628709133 330443
245690421 206152
398288317 259089
252636353 84020
317346834 83069
134613528 100293
150010016 178255
568207231 39336
711587266 90416
113991599 44484
703413372 150705
66523658 211386
370809347 109021
781633027 3569
944719736 90231
252997974 399312
910728965 67366
494160403 115972
370037499 222009
760200036 224265
319919330 620479
764399088 98661
880885024 220542
9027980 271986
726977719 16117
47746441 4119
575664288 88870
261453238 83407
337934009 80803
140374498 197305
678921969 63254
519476161 730614
81389508 143898
665283447 243121
976756318 451373
679769605 269857
420892505 171557
957235905 44516
409656865 339475
539892015 20055
725761600 22684
70411414 72738
40371525 129977
167212831 31559
245037786 136960
220516848 209579
765854900 303763
241442414 312567
422129141 32164
146322292 120473
357779639 57222
973648060 108232
431182259 185872
501207544 185689
259312133 288038
161335548 422201
517524603 210588
329339620 185787
119004475 156757
253803367 154220
745877727 410021
750276017 141040
574975067 70365
777187091 571304
499081438 158373
106606796 35487
959026272 66266
423948079 198961
78472627 403057
381480193 78452
544309921 102061
718174146 336980
249829466 50270
923787002 124188
921780180 379435
306819759 75758
274879215 113029
94565254 221786
358995583 156491
608358148 34003
70075899 208291
782634590 121126
286956103 114322
100985892 143971
455918120 64391
837374752 91264
793703718 40953
958708677 109338
126721036 146177
975651575 547864
758990958 193711
828400404 87127
113733041 79438
926065740 44643
57229685 173897
659349681 462531
608140897 21049
96156483 64051
723093671 295464
236872860 495957
848177847 160863
645640163 396379
664004000 75375
473827064 285706
622714625 307342
422192667 272835
710162830 404796
13714190 124740
595777958 194852
289060271 123290
202611248 349194
605390244 181165
84223085 31530
280000964 327159
278774189 192736
799430636 34953
396076208 271944
997374459 124595
593441665 108979
720934243 358985
454159399 372832
83720270 191481
880371920 60288
588747859 248380
650191727 125136
658519306 226090
849952689 261482
620376459 103800
627189742 150187
757528735 126894
320138125 270521
346469017 294028
380604939 213338
413734161 136912
309449769 63798
362424738 62379
116016501 147068
138055202 62278
11193172 108693
285057972 420702
914744850 3780
711321947 1119
938921895 421240
19502015 123976
277967986 186708
665446365 292190
469339971 443794
613451486 548382
125108977 72984
186387115 6557
915727374 234214
47469082 101458
280497366 84546
819236045 202715
120206508 393468
817104198 151838
176797791 166363
23017098 95589
521644960 414228
69076285 177426
392862605 290641
697498503 51540
238752950 17807
851586506 95700
381460044 148532
303167909 18137
882079580 195113
89004780 85276
94206834 105693
994522917 226847
183446092 138133
297553539 181718
877810415 301813
388453514 255973
395279938 189609
89651276 291791
143381763 33458
523327029 250747
38162102 263307
433718945 79958
158799154 47230
432239018 67078
194242366 263162
823507711 178885
39676997 24977
525567922 141895
937348571 220026
139717240 89558
811471542 185954
340715895 355704
913711595 364595
513205805 52993
727854880 39120
111092324 139894
677929687 672707
786005836 117368
533414116 321534
404641979 105383
537607623 144585
911597832 183026
391063730 14062
149187221 89682
214850261 24366
608891794 88604
4566664 164426
44189702 90173
60343348 7060
399062899 39825
181523223 61979
511749906 77346
919918303 200745
954028145 349001
876245753 118620
38458866 221969
593806913 24277
999228863 50403
716375561 321357
234701711 107214
245391108 24216
614145317 717652
444759061 134522
156416701 160608
564385814 30339
974461201 253921
154077058 39149
159839928 103202
679734712 103957
859999484 150579
617803612 122115
174268182 316247
328562224 392205
17344038 20833
868340541 61263
374837262 174035
150244522 87197
504784460 561985
228231437 51417
990959016 246022
166170502 113411
108075656 80988
918340304 436997
909996080 34480
993872165 546091
770635452 62705
646759031 478221
452650875 129412
478267030 25568
638239659 226656
115341123 191825
816063888 48117
987426325 45038
647283632 292927
63465729 45372
492333413 270130
193392236 23366
507941376 396067
45054036 138944
346584611 139933
474276572 262192
109406145 172819
432317019 95247
491136931 123315
158821274 54116
95221486 280439
335110531 388378
333053849 192657
442089076 327571
93288575 95896
516856516 180382
890289210 18857
347053162 231517
139166078 107180
702750188 55067
361393819 51498
490762774 57472
410782000 97380
396779874 51055
589604575 24540
591124415 28775
394561477 221692
561697026 100512
524797339 120966
177449671 428097
131243799 153358
680697942 6785
1206608 98971
313499204 8385
883511160 445820
920364691 68042
854291878 17491
190421385 71748
729804709 141061
164952337 568144
694407635 320719
392391347 198682
545880119 179015
912146624 352261
930038655 183440
637595054 435824
290237630 216592
649555100 38864
307016468 81484
394991631 84810
264412157 200380
69876820 18903
160427337 141068
941076183 298180
251708842 229631
344682623 282830
287166809 299458
972403514 187121
142870397 58599
184821387 136358
813646182 369876
98109737 251787
86499368 233716
275384997 9940
407470242 133433
501633045 151385
63490264 26947
576122243 121593
500527854 216785
568100851 33242
553226783 99965
672294404 18718
567872052 22724
125672500 41222
294123399 507830
503938916 732634
840091214 468472
640351152 75330
800815114 299952
470339168 304019
553917870 157113
951455363 80002
33186857 145523
977729093 22376
983894778 84988
584197530 126132
250592833 40181
801157557 36290
90774605 28840
337778091 51994
149690692 86812
70910990 201226
796272699 22561
923716457 46494
664200634 124405
24830240 394210
907407276 83491
603884709 304462
958049923 600898
210046810 119541
974288818 128368
901035195 110352
807153015 69684
396389871 148839
351988487 260696
39282501 107064
735749886 341261
530806196 111984
728519572 236060
392169180 1553
61745009 2146
845252255 6895
876883447 20090
143314108 13636
338388899 190007
75676060 23333
461372344 67774
538218828 351593
409268372 305091
249379908 353686
733682812 146499
742101696 79745
14513314 163956
465754941 752342
442085388 174761
775404888 42783
952771250 244299
681442514 201286
25298111 263006
356889190 521453
214895238 414449
644653796 54105
821586377 222206
667687838 364205
891524495 200511
318693513 187396
920272492 190445
987102075 347675
491841068 314484
783443682 59638
107684908 123105
76252543 253884
68742900 215324
604638845 65556
813476424 17906
13271043 129058
833733130 51677
406671527 286819
701576496 254672
136336135 84363
43029402 342457
44905491 36217
43821687 139344
475964858 45820
977790274 545360
192082279 83454
382262740 224234
761663868 172387
878173204 162748
620369588 29525
161829097 223386
186056967 261227
280546971 157225
913995778 94174
409445456 141057
350746791 150076
785109821 400062
546342216 274034
64080206 98031
528131192 250102
605762983 82871
224677082 4401
557907489 183751
77114513 109523
503676245 202373
61410017 149524
547439964 232181
66152505 147530
131102856 79142
771729633 180743
323280276 500645
247076707 70133
375199155 235736
680378207 168165
251337951 94937
155995302 258348
326896239 369659
140313356 50485
16210865 29887
530474649 61790
8299186 11108
814462666 167311
108949917 148261
750612002 38367
197447835 126010
451949089 422078
541784210 205126
666491559 104524
94349402 30497
893883707 1391
577097265 224617
826480407 93533
2323928 9570
819803887 547349
419448404 151421
200578287 176285
135117032 122160
356430832 79972
668930137 458347
277541931 52749
897546761 268519
6570967 410638
624094230 78683
749436332 582813
774144093 245502
750451957 235025
95908085 973
569649446 762
601380604 131527
314635244 75665
149139118 58900
527747366 336425
829477715 441617
392701090 67431
697782086 400314
681551236 61594
345460111 68369
862381811 46621
432000852 153959
902346069 44478
8466744 64548
133323864 3150
388009075 57482
945482625 429829
409018882 17346
955706292 198511
451457674 79807
905275434 537739
589615458 27344
625434783 80873
571766801 176695
798786319 215264
950429527 432378
139100861 6816
329641614 197175
595046768 96199
23092032 6270
563824334 210301
147710918 399823
60255932 82417
336515599 226254
714101731 152292
245262256 9151
987943206 467112
722373763 606828
53951964 302180
601571328 35179
410736738 133708
542415198 238468
660827381 484638
666777532 248971
35075143 17420
325553742 272063
93550567 71475
790281621 152932
821197023 50534
556484327 26019
991304890 258407
518841586 233472
887733439 62474
189192270 104250
275768802 13928
233204355 248438
37629602 159536
471984618 58501
34677541 116656
225931291 121781
90794276 13851
436252356 111006
646768738 430926
934459474 521381
982778734 129636
558982563 435965
86902373 3610
447874297 139445
807740704 316929
167270325 39992
937939558 9637
886333874 514611
99927731 101436
744963064 48642
453798387 7118
529754117 175703
31641946 59372
895317481 265929
83189819 25316
435977508 98006
247499293 444099
48069627 240922
926688786 190571
623138145 877516
165914195 89254
476072293 8909
8449739 97575
496546269 79338
391075490 361423
495266619 102051
323058734 56886
411639552 45221
815854908 456632
669892606 374706
497283298 32338
266841810 35359
621550475 176993
26451405 201836
847681489 402820
448712841 101819
700689156 168831
182815043 54035
47778025 114512
17015196 3253
797084277 4685
891973089 25677
875539268 73216
369784423 109917
819580418 1006
74179780 333344
293066720 324798
574807339 36926
131488104 185431
518796676 4156
848049770 95230
539843759 277015
554107228 928512
13052277 34317
334657465 358244
714467400 38277
575502687 3171
275863060 476009
836828223 47209
455287426 64725
374431866 105485
280740429 56323
455491124 112510
512140870 7774
298006729 178907
7408633 95018
769819297 63384
325520405 266461
257850213 165736
414523377 93212
846523001 441659
181949036 535442
356134371 58918
893592335 399960
501715373 20652
407162977 242104
216185761 536106
331722032 202226
776945130 53361
175461604 305310
873114545 295405
571358983 120794
673887760 458824
888529955 273198
46929638 313872
303787688 178003
996793788 3129
599827011 430606
213658699 262449
866606121 211265
342057367 170354
89640761 182688
140585933 63523
266896433 499188
434534826 245735
189580017 101957
765028213 50496
405473388 50392
579136139 7357
101176547 26816
480281185 481419
885119135 387206
863527143 82545
932115779 163761
156357177 207674
267959333 10218
470714669 74912
684734616 44129
724419097 56795
932631897 498156
69079856 105875
457991395 448867
69634570 205185
458990835 64649
224578763 57906
949936595 108514
378799457 49249
532301761 401775
871060466 657267
686338855 8180
113288016 221313
337366223 367846
480035018 151399
778136128 91165
123416473 139116
320882283 244158
874191901 23682
416851576 145433
81844463 86337
786963800 8684
185013836 99696
339950238 260520
513350805 70430
314667639 471568
51509931 151544
732319851 4299
528111399 359529
346051368 398240
364101817 319981
72550792 73164
164881394 138751
861704657 39828
468565038 521046
556298751 118508
860898898 276215
447215060 345619
625032596 171643
828238329 158103
724547719 151000
170309030 359742
900681355 377911
201129634 219068
657512612 248944
136047614 19591
836798012 125559
762332163 416939
440969383 66619
902670701 113360
536714968 54453
128633943 209202
499462586 70624
511165363 408054
127615435 128014
132146599 94927
236239202 27651
890979676 137781
142700743 110453
419428681 64997
651091957 141338
434427218 81269
582380807 162924
495541041 373406
973508406 302397
940691220 14062
483192060 154151
107095005 51212
499412122 135676
482807872 234891
964079926 192195
869532023 6427
349712214 606550
374268226 479332
776047447 81587
574407035 338375
416719946 20040
859134581 386959
564455663 64056
203810157 434099
362633739 296391
133500355 148857
99002349 85254
52732556 73285
291497761 110294
287644143 63077
838619503 192784
328391988 54890
535150092 193475
68196203 125533
683033834 132928
576435440 133961
92244538 241928
99017329 28448
788708365 38354
961093936 572982
116635516 268301
898742102 132408
690748241 104249
910237844 21407
199014727 209340
226052669 648051
199234930 229051
223710555 136680
193167799 145039
713011815 302473
98710222 224141
692136757 289409
937113296 136729
589013064 1390
265040267 60462
838972177 210231
303450653 76130
465394159 338797
141405768 233436
963629731 55647
145553554 159018
127063077 129745
909992346 60808
201364722 113463
104424300 134218
586459583 65363
154524421 113424
81006563 3409
196316886 193338
184972031 162570
906327716 314244
334102644 105128
885167192 682023
128473419 101685
255899037 139886
118452098 112399
364254682 137640
52672304 69282
475384878 190542
71526997 114077
836277073 78262
231871703 169397
5180970 119218
843373536 94407
518755747 47895
977420245 158603
657124433 158101
423100259 257153
464147693 194762
704957940 63081
169844845 221928
2537326 114859
797592745 339251
70620783 152022
705986432 2929
881983479 85816
344658762 336826
168824036 203699
996059227 145994
575062669 2817
847275879 326536
6554762 239696
876079826 264316
353309387 210359
389190597 43001
634754247 43757
192725574 79467
709742838 130881
26671035 107818
215282198 228663
30945757 225392
710618811 85823
219329969 54675
81548881 80521
219034440 126224
879147266 228956
526643510 1755
230882620 78087
121997990 49766
32110107 271242
643200185 177371
872742387 17831
748783067 198189
802089635 131974
15553414 183866
937396640 155272
27343650 157384
291180523 66416
694879606 204681
717509491 113609
85373025 50378
66772735 412132
543417262 107337
88322566 70717
185864317 83323
995124982 480962
299023969 73704
310923460 177815
534874790 198569
355692357 231838
735087464 48629
547019300 266540
167385777 301807
451909567 27397
567837448 55134
511671523 91237
329783252 149186
404122339 45652
39015916 20385
820904907 174869
591054857 16778
940655041 106946
200877784 175330
424408416 234106
771951867 466788
574787373 101697
383763836 29098
556958003 199722
429077546 59317
207158705 491236
56076730 59475
968441297 461122
60131433 153259
50256254 246278
828234359 140240
636407618 544347
824331682 55958
637003370 309452
656797500 295448
54697898 55909
384140449 100650
805329453 137843
890254313 205341
680401617 8105
180588880 415769
613415712 340821
98457594 91791
59653997 145235
420126257 184780
325346124 122760
373198527 153681
91395675 70458
849385221 347791
862544280 98921
18528304 279230
989720335 9430
843381423 108079
594167605 209639
929528917 210029
39575159 46395
996919435 57740
234841045 508448
139557097 148884
910936761 55386
706209961 78054
678972916 229385
620616025 193147
768229394 351358
810661890 107537
751930092 267294
587231272 149228
79593933 30063
514692376 257495
68129731 6256
795243653 14190
425876864 88092
353863180 1354
836338664 400879
90390901 203154
406085837 348355
243418294 316631
400008203 878245
838320006 83425
541346695 76043
883101458 173903
778058359 38178
953295265 134047
881002619 25377
721970586 1083579
327487885 579137
154212279 297811
985682007 142713
585261726 110538
51574841 169431
519668510 383
358338687 495096
770584024 14458
109712102 72001
443899458 50797
724921492 41976
715503370 808005
761278783 240974
376597608 105147
253417950 160566
512603651 342348
390023994 118689
762994960 114748
625814011 116216
757715820 12547
840615097 151875
739309241 467334
117786679 367779
957524180 241353
841281421 103341
371532800 240454
625854317 214246
764701529 267486
792306986 138803
742955200 109905
586541301 193719
265634528 290591
899189055 261677
754345608 32294
654070333 203509
429815604 216709
133269748 11684
684874107 283627
864039800 32068
549335514 57255
353083049 75469
524790121 67297
384035641 305765
885990165 119402
75488606 18565
131432537 111890
920612740 409055
647927696 119971
830370161 75493
148598060 270416
457198775 207158
61886553 4228
285967943 90839
92054785 10735
600570311 36429
668929362 218990
909546356 17502
800468845 101260
161845234 215801
391733819 252931
536158801 30395
957128761 61377
95993726 105420
281899431 130652
578249426 257444
33595510 15007
536346371 10105
71405567 10563
857948289 210963
531867315 276561
620591490 48622
569762267 99272
17849453 47631
251260764 329766
103916609 220695
558063743 44606
539636148 31041
143413207 4785
221902412 374013
792669000 387121
196255552 395582
748617906 116087
607928808 18196
136158871 144057
131394109 10227
23177166 123750
28853431 138849
37100939 8595
383720085 26473
575631985 86211
591485601 39378
345272849 144143
691157538 68931
255358330 184923
148411768 98466
737576611 434425
51751228 193577
726443335 455019
625291722 104507
1954669 269575
449188033 21457
673475103 111322
689069287 54017
544712364 25826
84426701 92466
218179332 363179
768377237 321496
710253906 47788
450133022 400113
628428842 51606
497063273 206197
923545492 38372
381658413 142465
908612897 122608
129196356 20265
193571373 252403
78093370 119951
339590134 357435
618188774 140360
125383711 82835
252783390 108434
300732182 402994
77676588 65015
351334878 33279
7757284 64646
326253950 294565
178627832 117331
412095059 583151
244266812 213432
689087938 82937
926301594 50349
26305641 305018
542900284 370475
94468573 21794
772171158 234186
171680116 285726
525791572 254703
477003035 146826
389853531 33471
610245919 35165
743737510 121802
20648126 278859
738744561 101778
393866120 43234
477544399 193782
123725153 172338
509446491 344527
643019247 180566
279710868 174296
17672963 63659
266052723 79389
893224959 85824
151308659 269674
867682894 106463
41604101 54625
759544776 106478
93770104 4757
728784031 99654
580298850 1090473
109538109 138794
898499169 89908
341807462 442676
53747169 109792
421112781 333412
415041108 801987
688733613 230793
365151559 94922
180956697 86031
942568240 22756
105694062 202418
983341061 6693
758065589 440802
360993506 563577
796947551 128741
11348867 122195
798006521 500805
560581641 28079
757329253 120550
30445475 146529
957321901 110587
136461210 43533
357677040 279700
973197040 20050
647334902 355139
40750433 6247
805723651 105327
982961433 366899
980187940 67002
166681082 318284
275665912 39241
715462710 321321
938318934 406828
230539198 343925
917185584 30464
121799226 73595
749834756 70157
726275040 636270
517818996 449713
348578358 204087
157256592 746888
11350224 11136
441807614 94721
760718743 202015
671022536 304761
204796951 416302
230262447 41553
838417537 384531
500859843 213996
273787389 304623
477759499 166063
640791622 104277
639770494 485658
857824356 74524
118841206 61307
691696307 416088
763265880 158071
657888822 264977
465602933 104947
582082876 204772
20723526 284845
894096521 109262
975699778 133505
376998232 159383
995742617 352759
115922055 9083
707797527 155801
551272611 54912
109794239 223582
511879441 69923
418014359 745235
10999133 10092
299893691 629784
968220038 136938
716723502 98373
178090171 347438
221124740 254854
101525703 277154
327570756 560907
972092767 74266
394478264 35667
985846945 21489
611840858 309507
715037686 216267
610473973 120127
707465577 290435
523060768 75662
872465742 1132
118236537 263662
710986178 339546
765900026 236056
388376688 27373
273136564 263554
201809144 137457
311129395 403015
488459869 274204
503201995 254776
753578471 384304
837078703 687501
557253524 80970
764399395 15598
18405247 78178
280803441 173216
271128031 87358
98420955 39285
38124254 263064
597220595 138371
944788916 66614
75732547 32352
82952735 192953
481543196 571156
951586371 272590
933077399 120381
690155642 89933
207284385 382028
497761771 25153
324177526 458984
178512772 639036
227005873 543169
173810933 240026
98046279 45329
193931660 109844
826151174 177503
558756822 114195
188540868 397533
443544825 303155
72808253 68197
522307519 130343
146653504 335234
617129988 547347
242101854 84206
169882182 41213
859664296 308368
192584467 24596
567509735 229284
29478480 221803
916873147 185869
561148294 162343
644859287 82868
748740720 154661
67482171 194391
417335151 2849
694175013 41874
107181250 17981
270781299 110911
75949742 165432
598993413 423751
771519368 177614
767839987 43254
463100936 269553
954607353 100897
338652880 292887
58097320 174685
60019368 78374
100645274 88445
307870261 289217
160099386 157656
547202478 223529
969573641 273539
640906206 25086
951691297 33947
277614092 263031
120897739 12842
522472847 329901
788198879 798226
615066097 166825
117507336 112440
32034232 73816
609412255 697974
93478882 13114
248530097 674846
687818334 417301
233484182 200587
770494284 116137
835829410 151416
939839605 113406
535126478 163628
596404667 96102
270243946 343477
754562035 412581
973957225 31404
312554663 229760
214171375 10265
561992314 212480
88404626 374792
82569590 238916
724755332 86007
756158995 19139
188010299 367692
281123824 439438
292804707 52946
102607698 7705
394922444 137218
849071546 118825
366716517 330188
796108842 238847
319638961 24413
1624958 47835
360758416 152678
73166551 448124
302879154 117826
478985038 101755
335504326 245455
572732658 210425
729383469 274303
786485018 49215
907730406 284505
1725322 44752
943490326 64790
832976394 267800
27737424 148723
535856987 41535
158272649 218361
827530601 115552
236761764 43848
155120203 105903
897362731 281594
337004826 6745
340519444 128091
483749165 50635
686544351 430598
211493053 87522
210937789 316636
277786770 35026
386015276 101853
35404708 141422
135472361 18173
756191058 11732
7343339 47527
380433570 87013
448520128 47103
673772713 534692
375676076 71359
958972258 701565
966834114 48525
589302981 177109
238891999 110417
519258203 81755
930668572 303784
184443819 61582
670239785 79095
955793596 9881
300997315 428525
875147077 576136
895622890 775130
844556364 100831
517057006 270579
822493480 453795
959865976 492143
72432914 135016
146161115 63393
632002821 248193
401785331 113562
763852772 497322
626105333 296907
844340435 164225
513857760 101913
878356705 18766
519170344 200034
520608208 214013
115041796 12217
717287331 116838
966840140 103529
40563647 282335
944237568 74118
163323545 270612
980433848 410401
101871994 24537
231815326 259268
474543342 70316
787684133 220595
127099085 267419
364638025 165169
994658480 227281
360289606 273564
970396155 289803
998934083 278007
876458969 338397
420701067 148261
990808576 145500
878702801 147434
894786213 40368
113773606 105867
272834396 315477
369418621 416798
824168997 77999
418353827 218787
571941093 8051
967089864 104852
165763721 34938
271405016 196611
38762247 1884
598488906 184841
616213319 132444
434980124 216303
135695320 83074
438695144 320766
462932787 76445
43962250 95565
52305966 243476
415088772 148372
975223884 313208
523785713 59932
587363278 141669
40535201 26902
68671561 20127
50661006 241003
442440133 190182
693228958 247846
834318969 348045
562603577 348312
115088877 181325
940022971 144605
83216537 73103
676044053 66061
63367343 46835
826855420 437046
757752360 21644
17680077 98636
138251297 167254
388718642 25175
337402979 279849
38983642 109098
941760153 326901
997967932 309351
37810939 136071
991669079 186310
142224981 76487
733352535 208365
934334196 96794
363062820 525322
263743180 283086
638892138 566178
505413114 42184
59129495 14703
894344727 129962
244675234 69285
600497327 81935
294838956 305312
570727809 39572
402390652 78120
286173258 165357
410358299 339918
314571671 48137
808214594 167314
965305780 47888
907172876 231471
413902490 66715
101854478 76085
39310562 73406
569942054 509117
581698584 194790
23992347 554834
480781702 134613
250682261 272996
944055318 508123
116316210 58827
72409496 10053
228370346 147334
807771698 321335
963070774 189454
313964987 236016
819359451 57787
483360679 413572
300618142 59760
40081621 78503
42171959 206870
184526879 53281
179503894 208464
31249824 294915
672679912 41500
608475475 31005
2827730 96008
16757519 273783
881727799 8062
667986352 141062
846236009 249934
616566913 392514
267471967 328210
269442361 12150
422200180 224125
3962249 48600
676022960 188467
326732051 113612
789252362 32089
923777165 29257
930986962 272012
2436891 25665
870716247 282840
56996024 144220
227060295 181538
162265893 264319
323281542 61636
281363824 125906
162327913 182907
907507942 46835
684025754 130604
151784144 112325
753851878 25714
278227474 14290
789306910 195522
672392483 254800
895065191 99401
556741904 435061
40255259 5958
679223686 268669
420865326 46639
453084823 378817
804012070 55644
720129781 198124
446285315 56025
739169294 35852
842859490 206902
571271090 321
316788205 239277
821829718 48059
568214393 165354
352627810 66364
308328750 77812
279017179 282780
200872763 134768
829527016 251961
19881647 87862
396503198 240772
996857204 101923
662001309 225129
956880337 208513
776668672 147002
412877091 30527
49769488 33040
865347553 174554
526664156 234594
890679151 199372
559172121 120611
265435348 17466
667036401 357113
203373723 95856
3714833 181047
987498398 326133
721707781 246885
389991576 19551
150361089 400592
446434330 33817
450452147 10176
991795644 51847
740086366 156260
599398413 17905
964620462 212950
746443621 117785
948983072 330081
11619429 107755
865204172 127939
928877970 471759
853196912 187844
38943170 10425
132508561 20231
436763131 262531
13449850 318256
794473872 328330
956915204 44067
339478284 89992
391453643 140241
282014752 43901
509048510 324683
542076809 102519
776204331 717534
510527751 432857
69060282 2873
432070415 87147
826553410 127356
124612320 346665
691037502 243452
516625595 188314
882264316 279128
552820360 362030
378359478 3946
55093543 451388
233531818 204710
303479635 57259
584242328 135923
55207434 986
913381558 309306
714614143 402660
952823595 109358
93149503 35362
635217170 309632
611695375 70848
773016412 113773
712068232 244217
108100641 88498
353374314 32266
934315017 48026
537275241 131677
513828095 78957
924492789 255584
867948736 79921
181051710 394259
971066714 262042
883094654 41079
821936353 417025
110228513 205633
498960022 97572
604518902 756255
667353633 166883
463467821 93674
439636665 224595
54618432 319624
631088771 122821
116570267 63488
848213780 320896
747790458 300091
634756703 22815
533749085 152593
789834549 156761
903881762 8596
449350366 577390
587160083 60680
28618314 134076
542452179 133699
140382403 2973
713513601 52135
669526107 85134
629733735 143941
84538276 79541
93680311 99259
853019935 5186
342269060 752622
260843342 230249
948516364 159263
84171487 242539
529569800 57647
109887197 235076
451139782 765
682769747 203166
153425184 175679
402906652 69139
707523762 16521
487674608 416041
285479415 324462
343178603 349024
221487264 189866
766644350 205734
791007871 385541
774107486 183084
806846470 213336
399862287 899225
36219761 59628
15756414 67865
7820312 108393
359840842 320664
988762843 366526
258979664 78272
782857067 346214
240039760 129182
468324302 125539
58693763 68672
675426997 396542
58921860 303256
69597052 10514
857741109 157939
44705909 20740
125798909 46857
163767947 57537
504669787 14802
677214675 512556
629928772 30401
176072751 158706
246829424 160351
999607638 173624
305757332 99508
512450818 66981
114817988 190227
845483464 331744
496848101 177384
482283464 492731
930029011 120638
315806794 335733
227688614 39763
233853174 260585
886883156 403137
57956704 68748
218723637 111735
402921613 155436
563564330 297312
100231902 76981
565721704 217274
7999083 75403
61997867 110836
186768308 343539
258690315 149732
330033736 642204
194581075 514010
262834474 583296
80054720 283704
798851398 69769
387154014 133447
245059925 129714
394174635 39681
350499239 186638
784254220 190381
559472266 115778
836199317 66844
412204043 497950
225742473 67616
735587025 45318
351282894 196601
168320832 410447
256105804 25056
102147466 307011
19901687 2761
989935461 221307
135074952 280299
82140522 323504
94990711 120030
984444886 495250
151361490 321178
197292096 62731
53144509 113587
596030066 142254
451599277 145201
41248 57078
694101698 304719
695944572 379104
575177072 58595
64208172 44096
106908111 111836
623687096 295699
934134304 5571
697515932 53980
436514557 106037
425649706 86477
180070406 350108
644506147 24690
399628702 193849
647959675 125479
127538394 43007
291806025 446139
19832850 35150
112519883 9053
456674591 161650
521130221 149704
543685194 575224
702956898 158166
397886929 322035
762731136 198255
132021862 69986
2030496 195073
752397675 130176
307321151 175365
266383487 137627
252390724 350631
87009373 25248
268152149 114590
868162191 105939
875010999 111605
858833392 164254
199278610 58145
128367093 66891
60985430 27977
177531906 260811
5184917 115145
411962160 64506
612362746 979026
773552088 166260
600077550 383214
484321736 284355
745141151 345982
324812244 106280
897982085 48671
333701950 301521
899714813 31506
981679405 3029
61197210 163738
423825084 28557
453555302 17373
120993647 27417
966424951 69314
395093969 382214
767275718 131624
821100005 28951
328709437 304217
134567728 24419
308385288 142980
353032236 219907
899428907 150095
414583514 31964
673240558 126403
679373203 4997
647736255 82908
507996488 335573
945163928 31707
398909099 10824
730005366 133198
534540334 110039
17152516 139019
609418642 289503
123170719 199543
166822110 99232
23563299 389804
806252140 170538
140813157 513200
304684476 236063
271723389 177307
922218470 104044
195445051 788929
936968592 22375
730466593 562525
246217130 355434
424757352 7430
851837808 3594
941477120 83147
111259862 191434
231516383 253306
593756374 35807
805567892 4657
510000499 514584
626694202 216532
276753013 50818
127544890 70074
218923786 359200
698005206 171320
395830827 14677
578731104 150509
347488313 755071
529380108 183379
825764149 650922
752264987 102639
103090874 182420
446694646 79689
80523988 104020
98652521 319315
593930018 127859
269066083 90842
490536518 121577
404416134 22577
808582839 660147
839625025 267121
275271241 100211
73993777 144079
970098274 72045
633848675 905540
64099096 78222
385465774 257937
322870252 94085
691508134 95184
628298962 107758
501207992 334612
522691475 275193
267555674 151836
391976184 3992
29098787 39779
182535444 12610
326644550 176030
900438204 151355
85456978 54251
617522284 97729
148304351 243496
523991790 4538
815551842 73574
16160802 51189
484622299 158852
64933177 26604
61404609 49364
122494167 157615
44623796 219742
730004971 164135
673612677 69739
258837326 100091
14777374 108664
534221830 136497
965423725 533282
257172927 243910
277923340 183890
978635460 215648
523548580 118110
411185263 93805
331452866 45898
598275239 33353
135359513 22641
120737268 121661
73756601 387455
843993327 64909
147081460 42755
377169766 305340
83492 29290
932060511 251895
489421954 49924
541813052 213847
660553978 6726
572381728 144010
456566597 42742
78332882 55246
553693446 293183
75116310 69432
775883113 267879
142035047 11241
132624541 181879
640582649 69194
341239834 374375
812171533 163772
426007392 58297
124307066 48361
635590579 169750
66235858 197882
705998935 101521
737375144 6143
335913500 59441
880452331 147093
206804293 63577
95227264 168672
542111031 82261
158361171 1709
268635797 105896
113378938 214817
458908086 191620
621863049 706088
21448487 41255
674372897 82594
495298325 130594
478837481 530605
35203899 158470
649583180 399656
174728913 542699
805513319 162256
239509298 176862
869990277 668424
962235558 5742
759240267 22887
124081999 62082
83565376 73606
198476125 53690
122939468 63354
32991255 21370
285491402 410257
206096010 385213
740681590 83357
902354626 173624
984185411 126726
54288560 126327
103910145 287708
904763626 383578
235962307 190292
22588352 7641
646105120 418380
209238393 5462
911905334 196050
926157715 289568
266755895 103844
706091737 29388
704998611 5516
41079493 157159
843538743 38825
665061583 152013
80790498 112855
365091714 32617
379641247 85492
222347634 564361
658223212 59402
408982411 103636
724042777 193352
182540308 203390
908567583 149446
666097838 123105
344553882 23764
751969813 109975
846974152 8029
633281527 487115
21509267 32298
216820996 158061
673591485 46765
142693450 8444
92172410 52181
780335036 278779
150235003 18728
515749931 160125
69708532 96798
106332651 152811
689584877 32298
196809819 15423
53872729 320550
58143916 197010
142815111 241348
323837756 309019
975102183 460260
592714313 93234
978359168 136968
402493742 337632
794973595 141806
685507335 197144
606741527 41880
343840049 387030
45457265 133915
144004844 170838
461367475 232028
422131989 7222
43943091 18219
287238519 315740
963494056 72104
121852605 67934
70819586 34296
144718061 74172
594159864 9230
395940770 66642
951888489 1796
780553583 258538
789227474 63506
418932784 370530
624367953 365419
30864521 193542
703888870 834654
795749416 72506
904079036 117571
628471830 86393
104897892 160846
248099774 323453
981272493 196878
85764173 488667
956496949 9733
354496221 501945
555046534 172906
214055636 195752
522202322 218728
538772623 317116
78249492 125059
845983771 25450
270496972 63489
676693058 486100
579277497 12416
766509755 116330
710123320 17935
37150442 52937
87368621 99023
291557923 4068
878353515 126143
218204529 386399
720123355 170161
80082439 93683
43122763 295377
588727982 82659
100927586 141883
993030246 304052
347509160 413829
238216145 363619
718689981 208252
665756392 115729
910389687 94348
104894541 26889
875779567 83812
116052895 99854
953071483 54563
146502912 43655
47041236 13660
639185878 218689
11055676 258299
475470083 155828
474203305 339932
736639376 120338
284781180 21837
921601283 131970
981640228 148994
860277292 41959
351137979 30286
558690695 49349
284651117 39738
603457754 661978
100096709 56952
119485833 278714
22271760 59023
161773652 52706
766294572 46588
839015926 248022
743676687 45781
533251889 89590
863103285 113374
22860237 41846
544327221 283740
546088589 636191
910704744 51775
498185570 293956
756527238 58776
234573343 75492
253917673 148602
125344459 119070
80630998 118473
880495514 79747
992457750 524577
656156178 46387
110180323 274196
842229091 104694
583537721 122285
87171228 116543
185307843 91441
78908684 120762
181606756 168944
380847485 125923
597633123 161588
680040168 168785
936361920 6269
374884316 17342
116233210 296152
981089793 62270
498123907 82197
589758975 307305
828398894 14213
936991662 171121
721608818 351875
418837416 571528
27084854 59996
294200686 17296
298953134 128175
967136497 51160
840827957 300738
898488601 48560
584959921 67261
985924370 172140
59840182 75874
354184203 167164
518509567 65215
983993028 202948
962373631 97042
4119427 101543
24582607 94115
428975168 73058
705667380 71274
169446144 138734
995066126 386857
36270699 305151
5033846 31264
567515230 43600
966310819 143336
602779652 459754
428535908 267098
61209338 187393
998820277 261739
589280238 298177
136479646 258930
959819985 140297
943454394 390278
438238459 242924
244532964 359713
996416489 62449
903514014 97532
377966877 315389
151199542 107913
987651029 156985
747121438 72529
743072 155645
752936628 255902
848704865 330547
802773491 55526
131811836 52143
350350530 284354
544827838 714915
91236597 89450
576865408 133996
797259529 111642
320586348 192261
927149878 642866
93605659 30151
125797228 133822
92683079 151130
424044488 183208
149296988 17860
789336826 298403
803017018 87039
846843463 54181
26957336 25502
955267617 283103
989246929 26504
610337563 21725
144307509 390366
671518220 644641
35723989 186788
128480681 1838
42491617 151210
697197276 218090
703062113 65041
373338103 337837
132883419 255801
371106371 204777
886280659 360938
597709146 76376
481924751 67718
909410066 107348
421969385 76608
135848722 36556
431786734 132037
441942071 15922
45433293 171996
492673147 61047
490662364 280991
27396450 119953
877499876 87789
493406222 39850
42217154 163707
608871398 474936
31626892 98985
693770777 8897
908827563 11860
552801941 51473
839328444 165443
928644366 189864
239138158 304861
370270759 476817
701940992 249541
152670267 492506
982107364 534364
591472140 97002
107856855 156065
874720738 130462
916924642 108097
139382683 150607
67903731 95226
727027293 383907
895271426 57709
69312097 37817
824310061 450585
312017855 81251
125682982 63827
318080489 2103
119848754 238763
439133216 267834
730539650 259440
632887680 17731
884456417 15566
32747463 309370
878610786 110897
827675845 66348
672351236 209743
388461747 122553
144719377 313994
45799157 114843
796846687 91978
906925114 50217
372654391 356643
480381020 125801
929071652 107097
644439248 162706
111974711 162386
59565525 6643
835537602 216830
795302436 48888
280705116 94869
83172661 43509
388831095 885836
356024197 154880
137239806 22561
963070238 171851
110877812 143141
877664135 268087
473479264 302755
504910984 317214
202785158 91963
882008683 56008
105077432 274984
560291034 30266
648907600 401428
500419 163968
84917940 52365
258266370 153204
626958614 150401
106961100 46351
157119440 46100
790069535 267902
794820901 103281
204419850 62254
985263810 340469
89084152 89592
420576611 137054
282137775 979642
209133178 113439
442905313 118805
154899262 168187
33831599 137052
301712320 770377
517067415 443319
126698677 92493
548707247 140853
470688929 108661
413107148 52921
960660978 237871
130361409 143128
86549774 136024
736631217 43301
862049383 337543
463844311 220369
762070804 188743
646255081 116384
22716906 87817
766276117 89367
384794422 383666
496061529 209012
423536519 353662
153433842 448132
187522146 114329
804109144 54524
467876310 83894
136205898 6385
906769445 162864
660194294 159219
332379761 75299
981835339 254820
60370483 174240
105204115 157745
812487101 902519
755556775 556146
892632138 352975
319090382 531808
56081218 52390
386067919 81017
532940635 278054
910917656 82230
133966947 88516
810553119 779791
602105036 275156
21667432 408420
800765194 255047
914215270 184451
29967970 234120
817730563 356067
403745216 274362
431643013 234701
952650824 98485
649408011 71112
797153828 19341
556349765 96305
809097724 207558
132443568 29034
627580488 285199
728337550 145897
284392232 83722
2365973 73732
246051505 147775
561068659 567724
305146178 236731
108742681 110512
137684082 225268
110552881 89926
26205890 81527
44352224 129970
351766434 60171
377581569 154256
152539460 29595
63614514 54491
803534563 25077
863020027 457915
804765220 481316
914679489 1191
264508276 203151
406681296 210387
889384668 399660
106080651 24714
219460024 51281
167318062 124030
76997162 326400
414437540 10628
137198180 95396
907818143 36592
95514116 96508
272044771 106916
855037142 46095
494300436 233934
280914187 51663
491612551 107447
725201682 399794
5391625 5919
43687433 47730
660867776 481836
247319078 50328
536028532 214599
238290822 251923
499945440 519996
299423170 74051
922358108 13714
156077832 175959
535559196 195434
960434045 30132
338975293 26718
861709509 206531
754141027 172039
683305991 182564
49389906 84719
18219713 22096
724551477 129359
654425653 340449
926108867 42176
616082933 230925
693781675 63517
643023893 158068
901915978 229089
244426692 75231
453878176 258904
398690542 317096
393545636 7022
93163385 45000
289272092 169879
950518509 457648
11940101 489342
78560081 87626
828855603 512251
84551767 61192
435436405 407962
14824011 47907
48627897 95616
63633192 416148
39593283 76206
311296489 116639
308594871 276167
7415041 202152
383769327 79749
187708480 106254
803753848 27820
334293971 201068
999485497 121980
6189479 341492
85094982 259794
902773521 159073
83540394 112390
529980252 236680
475003188 16569
141141945 135645
25692041 232751
422792350 301528
432651528 198405
963285508 73684
948152025 316834
68295291 18761
51294050 2875
666769972 37111
805798598 5016
619730804 194917
43573409 81988
22361548 178648
157620862 291041
474857677 265212
96299765 140024
717860321 93420
495880425 44637
235406473 337140
548887384 218058
750988654 222271
702097737 309270
658185042 142525
317735415 91056
345870044 12972
124097305 64323
560096875 85020
112860072 72324
111967651 69509
359189321 172490
425209944 197155
255466239 342363
908250605 159399
695448171 44171
752440876 61941
476838819 123576
372968952 78056
293704276 136070
258944863 337140
225663723 264826
121954805 126145
142545503 145514
563093523 49566
605323320 370892
475154154 62202
42030395 129252
104199372 76624
927040124 28131
12708865 217412
491257472 18099
2526348 90296
888983765 254890
752961297 163593
473850333 107251
280025970 299129
905205863 57874
833980010 215367
537249874 82865
506213591 371821
145438602 130555
81427443 15768
184196534 103925
550090750 585664
548462001 124706
415979069 738007
816319578 66281
286398447 100945
313517505 387867
694930364 82443
733214347 441424
594484994 136639
323068873 93848
534493160 205032
83275991 27266
577592158 638272
939287859 181667
794530458 108259
5674698 54338
856102797 269619
986633162 61764
387642797 444137
786423211 46310
380032190 85575
414717205 228050
871827741 564667
110462763 142041
940402979 157776
976261608 143095
138000405 7264
574208448 82788
758190547 94636
81065689 113808
322083793 84763
997589360 115595
536673867 69125
199517678 217875
990670058 2415
785047742 143449
81722133 178411
740359792 567137
10750636 20712
479385761 389752
446769320 11998
544696773 117537
275674758 39237
339116046 307773
171021005 404651
224122764 146528
889859320 266863
301427489 123178
760524746 220084
986009159 150005
622663807 447357
691449514 102965
734929424 111367
67485817 56103
755035445 365864
925651049 290891
109677758 61567
977255584 38708
22371110 196438
803648910 315209
584482058 325657
34511957 300868
620093090 208642
184303452 99898
641543140 334135
366258203 60586
595682098 136542
90827268 125846
67711013 189622
70548452 194564
741073965 287064
120656125 116224
940337756 5946
543360157 125057
774902596 105193
919416943 31630
100532680 95567
426468511 352720
963280345 142627
548892925 218084
470920386 578502
982849959 90863
388284703 96119
828755186 255177
730190390 139540
373744968 61851
732641718 407442
840614110 136891
279486122 262085
179932492 634491
113025896 162403
811733758 172
512292606 134236
817985391 90538
163911455 531775
600633832 200225
288864715 140480
174265823 2536
591631821 88340
998501571 230591
773830365 238994
197178236 1105
608419490 149318
530966113 207951
361729529 40752
111252646 34728
625420708 97901
716569000 46349
254084733 118303
425109281 151746
941732664 137712
41675414 272506
444515099 238822
596283561 177629
398150626 126895
134074075 100951
799657210 195974
377206950 97630
571493542 189182
948496799 335016
588312804 367167
491987605 126454
897078860 166224
961720988 30209
497037348 50924
538429729 212420
71835706 404261
116697786 48048
15186386 177182
734018074 70863
600857348 267029
283223958 445197
232256308 404955
835541413 27082
132013842 92109
286366408 232724
719378543 277728
460918480 24834
575911576 14627
479914077 351069
122313318 51149
551864248 552206
269566821 140597
686248989 185855
882587274 421779
997592496 54405
570229078 223949
306675160 65928
653073893 179094
405787775 216176
194537330 706956
306862426 107367
796543127 32862
757858870 99672
131082492 115526
904225278 89736
115569826 287297
424325503 310777
892759453 171331
232666155 352692
93846263 28652
555626410 167549
689270572 186913
939639501 41760
685217820 6357
91562128 275208
568081816 39592
184617435 263283
221313593 79939
7014219 85830
267087716 76766
884352812 36330
272411040 323324
217881977 79979
77912488 65398
291126411 156943
210007893 170535
75280883 20672
145903420 395907
251086006 77058
921298807 404349
852428174 61316
806831254 178063
246749961 254680
857964253 19944
703135155 155336
787787203 69151
83689320 183534
782942576 416091
863649256 39625
641020086 281583
372147074 227253
164610124 135579
536508815 118688
686810140 471599
503470019 448256
866861111 118955
931822331 17119
268712777 188257
717669334 499646
155462585 445035
834589810 215119
68912506 123873
634218438 428999
139592936 101081
5746898 406231
729482065 202248
219536661 307670
256972021 74996
393249402 335042
19174390 33814
672869605 4371
280378466 6677
438919905 167344
243027274 248385
499137143 152778
321253813 128086
799169342 54641
80682866 59559
486908254 1907
188606187 170024
413965812 323668
723498599 46071
135624262 33585
52915023 127814
159198313 311
671227219 231835
700185661 112459
979500106 551205
421518179 31189
304119856 138430
842799858 195173
466583741 269736
769367631 210245
787170875 107941
863970773 313674
266245110 242941
974573125 508274
976223307 511093
786771859 206370
106642512 186375
463293363 32194
789652681 270000
54397295 107862
428306343 26490
678022838 316550
799215958 127000
87562279 52820
390952479 59414
851625135 66965
582991131 358904
17148294 23079
185989863 45270
529052826 154726
372867 66335
14987081 199154
245397924 204458
305252079 10028
976959695 208350
797635270 249154
31322811 5070
366344243 21878
608718464 138075
410396856 297585
338622865 290983
661429152 149790
88898111 60372
966972200 78330
483906074 181995
44509161 1915
537937741 92549
106660990 117686
946216121 562434
802060935 2839
692484426 232179
924830516 167786
456396937 263991
611052893 411004
521334028 232230
128590255 133612
936455542 272477
14609665 22344
383143682 116382
346993958 315873
691693368 275753
40884319 182614
89362596 183249
360080607 50776
663564537 334898
107169774 24080
872170331 227594
57442996 156115
888572353 298734
620976508 199697
953695325 38885
37796657 152798
319826725 31904
17103629 26726
516428067 103334
390211897 563147
472149919 195407
611739803 96099
491322103 67863
74670932 5496
28344356 270
901807795 3952
147306620 208735
387404324 169051
586592800 133117
52932117 137812
200406068 319983
97101528 103634
889045147 280820
674435356 129963
130915350 30916
11987966 157222
802864021 523252
298278770 86867
213204707 499456
827814905 284982
533754633 223958
436713566 493579
120931617 30391
192982101 395652
964590334 125082
171660487 395576
541684007 68393
860307393 322700
119887989 58871
752652773 189916
821387123 365911
565052233 42488
693223011 135399
963840774 304118
364489705 497083
240657700 280040
217383602 283423
933351800 207206
583943045 189362
379764192 70467
85372694 43874
33448800 52504
852123641 353973
64265833 481436
520462193 411690
124428772 16111
405059652 204886
17073583 63503
405073872 249656
235362022 172894
486563224 243348
585738663 6516
103854332 43792
253449091 34627
927985548 483232
914102091 371279
269640262 172830
972378727 120031
60348488 15251
632610074 19457
126473215 90973
970924158 88620
332376471 133596
772903555 26616
72836096 2791
34079140 85983
356240293 63918
425615146 67691
18538640 206078
765302352 168727
980996486 258241
581913039 142650
439797676 63556
855232558 58688
427668962 606928
286866752 158356
383145663 469642
502555923 137448
50941159 55900
124453862 27067
713012506 2079
4178753 95826
175559939 154604
358534627 101607
367273394 561222
41264219 109085
106327764 198995
523767985 58145
50621763 107114
602006291 36415
127717396 72377
662406074 39334
572188978 270361
977249159 10156
852582135 182599
997378005 175792
709038852 488293
910419610 134318
945105768 31253
428797464 52596
608059999 217844
262508365 544701
951013278 539645
394740259 124395
382955499 39989
769618192 179500
89247105 51160
608011673 28234
802174347 439511
601852771 14827
31933274 96633
386549411 135593
191804085 80112
32460231 51950
376435095 353630
48546897 77076
780019189 294967
632139646 121957
168272236 468758
478609938 10316
837911590 80524
201447569 139078
424274864 22959
108322933 361270
17863176 73612
126985889 46124
170388697 62434
378758220 150793
781324456 64026
224472001 159277
997739719 356720
524217389 311615
217956526 33590
547441771 180451
454467745 94710
175888035 547076
739428053 274754
630260673 547272
745716424 557466
607637047 183000
494557229 524754
324956402 97493
443909302 360366
585727548 127052
436220994 120289
487527348 526303
109117475 72159
772428266 371112
102537402 222677
736141290 477595
334260502 264722
940289924 81584
488162592 218171
470863618 489216
919650630 484693
478236884 5552
22935325 60150
831272185 805688
806148064 276021
67795966 93931
666355890 151829
660681181 113290
331009078 410910
82485965 372414
439233090 378262
68702852 34401
219522483 245561
600827696 10037
807139109 185626
60726976 51487
888019011 262262
462552381 270947
496283503 113602
79336747 124694
226703791 300055
773427536 170999
274595510 205464
57862270 49345
447122881 334377
19515659 22995
792328863 226687
72333341 7993
337106439 192759
378114944 80133
426253368 68607
432897104 538012
561686523 74497
58480222 138614
819503980 238112
801284045 334964
72749039 31497
123844070 36598
163000606 7047
482676397 12094
4773421 42913
658953245 43410
567263766 107731
615437411 121344
942646713 748355
981305186 68920
527226579 79305
162542008 137393
214286241 176405
851714248 122964
193503468 38647
422704647 326971
330782275 115578
44207859 105243
721310807 176746
863694323 86409
368544123 469128
490397554 174805
211869102 407827
299476502 240046
326374294 151056
668551012 185616
721445566 39356
530963952 164229
123466277 82901
319179942 332043
484005160 28736
3621501 58101
972946253 236487
338509712 17094
42044345 81750
671611644 226238
13897299 143561
158121151 16869
114330946 38988
654062026 193066
427038221 471301
844058800 181529
236017183 176532
864510191 38100
741163100 188996
211794328 397192
713350159 428258
742208900 337037
539568607 71908
412850706 199492
449501943 591753
911848381 218262
615779016 14835
709641578 241867
999677301 301146
132165569 155065
698222304 725644
892994163 57394
33478844 75858
446800184 94671
284251107 79324
358213864 85518
87669646 130820
784588788 14596
952605321 25558
569088527 217403
516233050 360533
960443591 33234
80450799 52723
936381601 307090
815111212 322291
204067768 216111
351764971 5051
53447548 63383
254785251 428025
117760544 468883
783474501 79474
272579646 189540
896442190 438178
298762672 29317
678686167 112862
728472978 18050
986244917 149666
858765691 255851
31755887 66100
902938811 113737
192199264 321069
192800756 113493
287085274 26201
498889188 80409
689262172 167430
924584846 67496
860890309 49731
95631429 75231
502198461 357205
874589411 83104
56585557 222648
770847051 408597
140585640 15113
634863569 179425
781679394 622167
651659738 680047
798634482 148635
354401067 281672
189508822 368612
197892948 572424
404522926 3196
597986392 48162
993955657 484655
814778684 741138
291315562 102749
720715043 35842
392965384 194240
4296119 346819
135891116 193126
954832561 175584
926538745 137477
411464728 3694
513997780 357305
631402205 188501
999251658 45915
416721279 2176
858459441 228015
135719090 55740
407502659 76234
37246156 132383
96748323 337167
206015608 510814
27878531 93282
857168813 253516
61859333 52580
755011219 213693
42859829 55512
348632339 316941
503246972 16432
980133152 215100
909618300 89553
149603292 49588
160112767 139180
399526092 288970
67251033 119284
571563397 18073
273962632 31131
58644429 116833
680099419 202860
809852089 3264
946744721 531691
13922094 208390
923253672 170949
745029270 83664
792625782 433713
931656603 94860
191644076 235212
312385249 113324
618197956 85906
139845155 3019
441270357 27991
877228156 281155
949052722 374799
169161421 269983
890856666 18209
113030217 93077
684841955 109539
292868235 554241
311650601 522291
122288551 42779
918882870 330591
87885952 51896
286721882 19938
105666256 169972
844777944 55771
515228562 843621
432642798 31906
14350198 140048
124356764 40097
630242014 225158
61581898 260936
379139424 247685
284488840 78514
857560011 97208
435683673 164193
618773490 252167
224753030 425123
682771353 211681
795283479 149410
122560452 122499
633782518 2348
761062327 481081
257261261 324443
484281346 19827
397260221 224834
56440180 58154
739136704 160976
114562954 124170
486930685 530886
492224483 150179
62437047 135602
243840558 221566
50270006 172979
847346249 170689
496465866 306475
384666913 98390
612142971 69571
962570601 497428
306329767 288857
886987821 52921
456672467 4631
459838499 217341
338118505 249771
529719523 83435
255817784 129764
860148950 52578
10005879 430349
94086044 132728
76929570 40735
993775555 10575
469198405 34888
36641906 329615
793391923 250200
426343413 83307
85072494 253078
652524349 519156
309478899 152373
956215058 35042
500865789 292959
185884091 42826
461130236 76090
729838127 97790
643724762 124455
460334058 245208
376209389 88107
648181184 479725
670919653 13591
291616326 150917
941465018 240242
192043317 24001
458147929 42151
399036965 307854
749316551 13651
740265601 60631
922695425 519142
94371198 74645
925555584 146363
432315253 71957
444997831 603729
141404349 51590
262081302 393513
842339416 10904
704746927 89686
741499927 164863
96812188 263764
108655510 17763
225331904 169168
507513637 87433
25690199 190898
223122710 129256
457678328 2953
155512560 224703
475273130 53629
434388870 108697
459808229 330382
728687562 68464
373762994 192524
142008450 52591
705323192 270632
547946517 443505
215855538 233416
866030127 447633
112186771 189284
514637240 390811
77851208 159991
321025716 123707
236459607 134096
842232561 2894
906345639 132507
56272446 122167
106180832 125605
864372383 299709
781904789 25802
989260957 37339
653895217 9095
22588038 49217
934622124 577681
109135268 40814
110683487 11836
2663220 271645
129255032 192671
312619751 103246
465080798 237201
990600787 86177
955271164 50916
751315664 351421
201840379 263601
64226551 26470
549389531 185087
986280511 345262
457672188 113366
292649016 156157
298665010 210855
510560619 528083
619095793 429546
234397056 6849
375740524 209118
128994926 176308
656706767 14557
160262512 358867
597945231 274075
867090122 12659
44341388 39447
882587868 496531
973912820 61685
294663927 819142
363727138 86882
372447415 97585
804399170 116048
318059362 96969
243809258 42874
483158212 82485
805891335 250008
271628715 69744
413206169 385492
827066736 173673
918936685 264267
292413681 161022
201266182 71101
727967235 255641
848792093 12467
672680156 22125
85562903 613426
507725148 17315
464130927 146606
448337579 25216
655851665 337418
901228817 98202
496204412 75918
447994608 68840
15950582 114366
14262697 33743
317118066 255118
72761556 2248
33560268 228372
629319013 347552
536788505 169698
692277286 110706
674747919 404128
708540179 41860
315219806 76183
586065440 272746
527646517 75924
244928338 13109
884803638 217880
141644712 324842
903045597 63624
828603789 67502
983734156 168980
700555338 427
297824924 318922
499654940 157874
115204613 119258
336870287 189584
905193352 66454
654950153 711712
108747559 43897
918196178 114036
493360718 418575
578749621 56255
101681313 2889
9316698 353412
100164173 64042
949991042 160043
757447923 22773
802621857 154089
872840638 146792
645630985 402766
579752273 77320
493812426 328763
814133443 67863
744845039 50743
427206833 448445
3583802 103982
859478844 16386
917277959 108979
751372515 446108
19403000 78732
735358742 353006
378924706 329415
223037017 188822
589742928 488072
477284939 129518
590413385 59080
60847738 112871
954992510 159097
827908931 252316
288145236 10273
980839756 90520
485096259 298597
6182280 261180
40105702 140051
52238791 61247
46414450 117947
106003346 175272
865777658 176157
869091839 125482
405537420 441301
690013918 163682
855218414 70532
694448950 31592
732256301 175610
700551694 98115
560183453 169609
136827145 13897
770088503 104400
957351083 143634
138369595 37885
306987400 117428
217423264 282097
631144299 196
947696082 183314
465965335 21297
584999817 103244
745203889 358796
109014416 2258
770261394 17680
26721684 201875
798639824 113525
24614875 79171
260029430 706232
96439936 47349
95564069 51316
787467698 33477
55714525 202343
274630804 235381
530263550 13109
597558614 27932
376051614 140030
48870216 62532
11667312 122079
936845047 69884
796795029 91662
952088936 321988
21096553 91655
799034001 50606
254125203 9204
22203905 146564
930297634 86764
49728880 347911
33240895 148516
923524744 57520
711867944 332194
590388759 253773
852528445 8466
864814842 434323
165555667 100490
52047616 105960
951995791 433110
262235134 167499
733711025 93380
593044683 181631
624791579 488137
91578358 226251
398383246 83722
336373843 403344
139295523 115487
790665538 78281
670633018 63765
14990876 372
790995978 682295
182961026 335421
250701719 332168
402152337 19617
29060970 205778
211378140 204745
430363037 135872
696326658 738554
217082502 179785
28019065 595467
129675282 476220
782361100 199659
818314515 447159
453252634 160964
126056098 423061
65783176 317224
552269610 145612
945268607 166510
754011097 256622
437576487 54977
65019200 325840
71293921 186828
21046579 137081
973259333 156850
488692525 175188
4928792 90582
265230540 394275
223381101 111406
933390302 107545
908776445 488831
394046412 364668
250177555 10342
839551928 292013
865864152 87307
303287832 60016
574979842 12804
385467774 287145
929848674 78148
927165535 310512
396142314 56936
591186543 224966
223524498 291313
664115399 212268
771395234 330714
386384841 155104
853031630 294962
322395106 239629
766956525 154800
606303692 46830
925039429 298002
648900086 175098
318256280 177616
768058542 71507
897970583 288827
228901242 215927
324414104 162145
3240527 26768
138440547 24998
310643423 50951
501155 97542
618977482 25867
588384497 103888
822321558 101683
732233938 20878
263602277 701478
673220075 215272
762968610 207123
365036635 69155
199860985 493892
917393006 531592
871274823 208572
79188915 24591
863543158 16123
727118213 294393
32023905 4557
521470847 136737
302842125 280764
793995895 286057
827590801 43454
918564687 141171
835911138 61414
604269282 201659
440917942 99600
236494960 249204
719261363 39812
306003878 72695
889548248 118042
434761274 142721
531745922 138252
87631233 117612
264721075 439356
469267274 398296
433655684 176097
271091396 239189
505991037 173678
756470066 142680
121523260 65107
230695 112413
352253170 95422
365537458 51119
579726181 28146
868627718 115720
793445427 61997
1098228 87618
198437472 23309
243734496 35404
853651856 590544
278906902 60117
30297528 404412
765297291 407356
339665894 99633
92017272 137283
283764258 335229
390195354 394275
116956466 113955
160658987 379087
774495514 381986
756287108 79185
285911270 226877
685601821 228288
706237115 101314
100318691 194228
53809477 28458
856874768 152373
919340781 225390
240959667 570271
340431257 221085
800152468 438836
971433562 194459
432164287 97691
475666551 370900
511282221 243319
625620761 151104
485580180 77642
773098546 323763
970587992 58810
46476357 9605
287847461 288757
393876604 57719
845710117 97506
840291192 2272
119525846 193011
578397655 217189
302567287 223668
815771404 68512
100655767 259769
996617738 224054
10533357 73193
1553777 79707
124323429 23658
260867603 172152
165865871 9276
757150532 24849
851942121 49032
781300102 216699
273516348 92302
937911402 52536
293827562 287953
527905669 112358
58611464 30984
352380002 4318
933679379 179841
386602337 414312
150776323 402120
444646100 15893
197523164 304803
785554231 323386
466913038 345325
198732150 492167
712648213 73739
413265912 439359
93899086 166598
799786009 20562
735883678 86222
956629118 76495
836931649 35548
800104681 5926
971203241 83652
890894069 331023
190464071 48185
312378962 19967
131693161 283540
167927046 173317
580909803 590624
839504924 5156
484851032 24429
43468655 79171
363179817 375261
488209519 211038
643495727 165908
805838763 181206
574289108 46611
86903560 100121
967903123 281925
811874229 399471
833912791 401116
271372243 59808
823176140 156536
110755856 267362
574523772 80199
660406441 97579
417638194 358068
888153972 91108
256196666 245580
529572486 15378
873977494 129562
825121368 59205
890505802 52115
974117029 45425
130792367 245433
516816255 81252
959714076 94436
360840359 72774
97167482 38488
48392052 83121
652814090 149323
453858144 113460
874254327 114183
485822088 106242
705262372 241993
900005347 87492
972597128 233101
926567285 110249
683095461 187683
9765698 39107
661715842 515644
273595314 134569
169204269 230219
456878663 78494
966543363 130625
467681189 619290
322034729 196360
688111468 149339
195264879 441330
599569195 42806
38797271 160671
209299903 235463
371656647 287754
191900267 174638
60861035 105099
960739634 96448
999541240 18602
5530120 97416
34193785 251190
5744525 321739
677743223 70563
618610333 109629
757945900 88709
706591523 551545
448663732 99561
738465313 117071
66680484 66203
464700005 171287
46560660 78197
792041719 117520
266013017 120937
24940574 65026
148755380 176197
341237741 271644
239987777 557711
324999441 156421
844673397 106906
429756329 170111
295531816 139212
536502757 145765
489998079 216540
446403276 60233
629286207 58203
455957539 159353
320731698 66881
448905117 366219
528679974 87292
506884568 203570
9237785 20073
72416104 16576
143057892 241056
564752453 240801
968934465 87189
174642281 733694
910277875 30662
640436792 72868
793188812 20446
37155158 23174
956586637 132928
46367059 15035
913116611 212193
472502839 726301
820508245 69855
553194941 359384
289066066 88558
290851875 170165
62268805 83987
239110029 184603
60586641 133082
845208548 209027
665020509 112795
132459678 43026
767892515 197725
303695063 203195
703720244 4599
884936625 29548
170072344 162718
444796949 79380
226849374 8691
912881400 482153
318445061 338903
396908385 199846
94954043 125721
261829149 151631
179170 68718
524965961 13288
259652102 228106
173444727 315305
667618352 66464
778295586 1253043
33411292 35829
596555149 31514
13262311 107435
986664455 428708
84113327 21228
368432321 127456
648246153 191310
900283213 263847
816519927 122361
512937640 88337
392745926 85695
134056590 85062
121093743 100903
258246903 64026
891813444 506364
173437270 134991
730185712 75302
208942799 71909
115437736 91729
265666006 116028
606492864 410082
296539352 139337
915274619 432878
770115966 41783
121373490 95814
308775178 265988
10626757 170481
935432214 576931
138605885 90958
650629198 432639
899855417 238279
402119470 265803
555575874 554433
229325666 820931
77361117 93795
972614370 228881
563220539 342949
427708451 146153
87027491 141265
817154122 283143
738808450 9452
517976408 324259
97615276 37045
463453191 82095
754723854 81667
75957124 84112
581940648 38278
989454357 88435
664385058 417091
820721478 44362
286637085 190790
56448893 103825
758762733 166050
971444352 165078
366567177 267420
575185603 51461
49468496 248015
881192311 281060
224058606 302279
379780681 28231
912212862 98090
245865955 39773
736316305 167653
32425036 52377
662430105 420788
636002978 271266
335620210 118186
239446784 294212
742249504 394953
914984063 158564
914692751 99783
472102545 79378
358874792 53932
573955748 250805
297435854 359240
429117572 38107
835097988 235376
139715455 92658
715199154 189569
227669543 505369
473608479 40272
676250794 195322
343888145 567024
253020926 43211
290584875 77364
417396521 512089
403575355 215138
663046171 102238
256814214 136558
224720524 451637
903395239 272244
28916535 100537
132970345 178054
88341100 23792
349409617 643052
461647124 359153
65686476 399723
841004103 264242
909402020 47758
124597165 248748
579202303 114863
309662631 974154
365363861 191551
44012279 37184
186379661 166074
537074519 139049
139120230 61295
624492418 236473
407021129 351493
14712441 2391
460581898 385543
953222110 385180
927870780 103162
307703524 543187
350908461 269689
595216646 61577
559702615 97131
489748087 17832
45749016 286979
325925344 80967
568528925 223119
143554132 23468
573359425 401516
53611024 35323
138090768 58686
387086403 131706
73251492 38979
413709882 96957
479724448 24548
777604395 72348
539406531 108657
267981360 138217
464886958 248985
683804354 190670
210397295 302477
247627373 345695
782457275 14918
245999351 96289
637183848 50560
99322186 250858
575107072 64468
89219051 2706
607623161 87938
203013903 210888
971642446 461610
744087697 531145
204881956 283168
143640777 124011
185549468 147571
28786528 20346
439903841 676285
783797551 483838
471524440 153506
440089827 814937
978717415 215777
107550942 292004
610657409 296432
705195820 30936
703669191 187828
681835263 13716
334641996 337401
181051145 329968
566249139 533640
639752762 422007
731047138 329378
220575996 245435
282699500 380990
990473110 61350
964960261 452205
10031768 330984
812734369 268281
528913960 164027
526286129 117405
249910771 177993
607872082 135275
993313971 244034
232344937 305029
104198614 67743
403257455 280475
843793392 256066
777995042 75137
140129683 92396
866438038 55599
467306342 255735
435992797 143817
15190382 19765
273436962 44109
790553359 329271
339021294 202125
258000081 96609
499738355 179677
401759230 26641
1024066 142483
410898630 207667
973424808 58427
526163003 392027
434014601 319491
285105768 178510
717001942 129292
491287639 224378
740274780 44191
601500860 28843
843249194 14908
370800733 194421
158892189 113053
384899121 133352
261440831 172275
841721071 306207
968372309 459990
857528472 76596
329489204 93839
718412527 75016
62659028 26891
229865741 253782
454882268 71982
145055411 156023
687333634 414501
979720692 344703
59757388 82146
70124970 216841
451075536 276173
395256 1188
75295007 14621
254865897 333991
441622612 149901
246489772 34067
149711095 227850
429243441 1028
850252505 112348
841380589 36460
564510863 49701
103629202 210386
489824711 561904
657838559 166118
111505342 249144
27098955 189275
533041209 1396
316249693 1156
901213571 184109
182375623 2025
314054505 263846
219872696 199654
566213191 50888
393691292 94053
823734316 574303
793985912 185168
16473524 187969
18033816 63010
315489260 198724
10564959 56477
377583368 255169
150904742 166909
435074786 213605
462401263 151601
732825747 340821
781013298 196169
397253182 601485
96663850 80763
525041826 226810
187487723 135437
491719696 56618
549914106 111385
497479005 302969
433184154 115366
499937251 137961
421840954 149042
7216558 186856
158260327 7441
90698315 55579
288428451 160410
576658973 276481
640959724 364621
402633163 224463
701211943 232877
707943806 44215
700991877 30457
631240559 527821
179229973 366313
478311195 200139
426447271 12194
383638148 95222
779638795 499950
152459994 156243
781533911 114145
261085997 306757
747108332 222452
94657789 44928
960921717 166400
173967011 28864
628851957 318159
596760488 120004
977737702 15416
82266774 61741
535862220 23993
41276764 270980
177976105 528788
743481054 53222
513224921 54556
863752370 155428
684368734 111712
608642950 179143
940803906 352763
350818956 18623
15555722 119138
554203039 260743
380011796 186219
199593123 80126
306118149 351332
19704184 147176
569474948 51091
674968526 392823
307133027 313189
559777333 10390
832453658 973155
558626800 65479
670475524 238672
289252106 9567
814547163 126662
532440147 320956
158130728 54881
862580413 196258
510213273 262191
955966925 114483
525633453 26919
129496378 716866
566990355 423078
706763750 438930
987955712 235134
476100167 158205
627132713 303627
15974009 112428
618468065 226001
557696674 129932
509782339 195155
61094049 42714
485236635 107821
820568868 19370
130539212 55945
486546868 182737
778554232 85817
154843073 241046
284787062 219711
629666594 68604
274207380 267088
60607536 60103
663667430 286515
65429894 249822
316653348 34245
145334896 95366
909639831 202735
369119075 119999
539226470 3366
904444239 556106
313509990 104234
672238138 49128
287626447 167876
185644981 96742
752679796 87064
460374216 6944
669436918 147384
935551805 107537
804206499 389897
165537530 36279
881129246 307345
215544414 195264
741674166 236194
53410547 165201
565584070 113867
970879177 123503
140034396 208417
291008243 112213
484856593 154292
699722027 227210
564226784 80816
20007537 603748
28690405 3922
953793005 681253
572714844 23622
917262278 121107
699630470 36234
598684606 158145
359395428 430342
334038643 38206
134459978 76052
938271433 629427
44911306 100020
562338334 263408
533405819 170397
471859051 240505
348365404 50607
507487197 137621
961217960 433974
464343822 464303
558306189 309894
355017518 905298
982579482 30073
852656865 93266
120891569 27349
91128729 186281
317707865 320752
869439192 113958
898964313 23082
66819339 358464
605714258 270495
854878474 50209
808186738 91233
787179020 333
87235026 52108
83358980 41290
49060133 162156
518834137 231417
530541444 358674
830038624 58863
826756266 87846
455657907 32920
498547200 257469
583773768 411550
557311808 71670
99425053 197228
611475597 58918
643566893 18076
277391513 52244
203456832 264648
962708416 21865
920660043 338093
279194772 29192
867067219 359123
815644427 185939
660167831 175247
288184547 362320
592347342 113082
42571304 46762
697188832 197726
766871626 105553
629925758 112014
436489531 40073
57165086 249687
288858698 53966
348255695 183736
530228720 173998
922237885 113318
304104057 344401
809985664 341111
770796105 187544
681406272 10201
866624222 122159
837927368 131503
635412070 30130
506592225 201575
196794003 40487
875864848 136832
12639419 1333
585305197 350086
703421469 82318
87566351 60546
774997319 197965
395520751 318719
921736776 6470
723392348 132055
231330182 93062
342510221 479755
676504875 605825
573883655 60458
321385080 76458
147895640 349304
945941347 37534
269112964 17178
183791879 346970
595198947 413253
878897380 692524
352444307 259981
138598655 343211
25434868 131481
65469601 65568
966557767 201987
296744018 41651
853715421 211356
607140871 34466
399405662 104365
64781724 165002
720969207 87118
656327977 13313
8567521 352401
734290034 436923
99990314 19287
978007944 95798
234897394 128419
54952160 100605
598406398 227124
212830612 91923
100176853 8936
210842386 162069
160841092 139156
818180606 7141
90311107 175737
659281108 382519
656233667 241283
336218849 15290
125014650 138202
84619971 197360
841638860 179466
80925906 117758
466936440 336190
634851248 321785
477054250 96539
39171149 97972
526824557 110047
690438325 443480
299130068 101983
575837069 182511
908170535 145230
849893011 103606
345796161 235695
681895694 429857
538712856 251488
466797671 97315
12648103 218953
321756506 138982
868748866 506348
786058280 122098
894924091 158148
543749487 91053
880290446 139962
621015307 766
437992459 121954
404327328 142050
3076307 30765
146632431 67492
65209046 67383
513349114 140928
335018139 255333
256297874 34602
30073852 26576
454607321 130295
5453232 113236
642721961 278552
470238453 53339
654785530 467750
809997789 354935
16598274 55941
852824676 165130
352060505 54127
443087175 590839
295958570 449510
580029031 111941
431212652 158433
653224174 164288
896439619 575217
45276049 142752
2970647 136993
29350790 211683
134467570 81623
774503238 127486
17420747 222873
797102343 62810
654554363 55472
77392214 189171
683945335 29632
685857254 369318
208038015 353131
87908926 23928
76470237 299319
729088919 30774
586074322 57778
42653821 145135
485831818 63602
947643890 386966
416166110 142837
651760572 104904
720713741 130833
402410962 67600
859596168 390994
4951582 5708
484423789 110541
929891104 19656
159873603 121556
687668563 135786
911567107 245375
738385997 146184
577206063 79721
261726950 320844
817488690 135167
499307780 72229
388740246 11085
577440912 658421
330934271 502919
51974544 153856
455216315 173531
353698458 20865
988878949 70102
375039526 54938
728898140 215342
899695218 126435
111081309 147880
668265897 283096
763537355 788501
62643287 54002
145075200 202546
400993995 54125
760098934 124226
757547896 146801
140734459 57188
74197499 225040
767416119 435814
271990307 148340
35196507 57710
259597105 21173
120176334 253975
238970859 132120
712426097 401956
275730886 76239
94928490 8767
570453521 703052
855335542 68151
36627606 327923
210322304 335400
798306638 36736
929605484 223883
644706608 102131
270590255 165631
649345723 131390
668149115 181717
48044112 168461
818564027 124064
867563079 15046
967325883 57752
550949950 803554
118603424 27209
969322145 17139
527249560 323394
391521472 23536
885954387 273608
846245793 149194
96412972 8
67453783 15692
677223595 44649
322289648 463289
957192070 80488
79004638 170231
97295857 622594
68698754 14549
540551746 111406
602226446 471620
193565700 241727
390936445 10296
145308274 4990
276742172 120016
165781027 52523
3286139 190079
159591416 77409
644933628 88493
138448036 121542
640812380 80429
949528228 202317
168868778 216633
916251447 593886
858275392 310076
318341151 68274
470123834 171181
928764072 98407
62956542 141511
500626838 167508
945417056 27575
248544911 154023
695999767 7402
576077911 192923
276070424 304088
867789909 186287
931713966 51513
698340379 684472
46582844 334038
484770458 34536
574022066 103001
714970248 60781
766498215 22533
361843432 142792
548686755 106477
49104927 50437
52264212 1320
67187446 229284
512034489 129725
206754322 112195
545606675 49939
670764155 15095
407661036 950995
782640238 190730
295738268 89442
438285528 29785
643781174 127340
967530076 54751
356376297 261272
400977745 536274
212425483 242379
60822402 3996
461650502 674965
85439739 118779
866839463 119327
756838568 382334
29821042 73360
879765945 6466
947484305 119680
756223518 90074
295949396 285269
811503857 123180
940057933 157495
548170723 18095
205233311 546609
423221483 282761
292102735 250374
51163720 231470
867608771 53968
164053233 26910
743797399 192020
699819226 28648
103879129 4078
719032203 140014
961946111 388214
525739329 226110
487341788 71140
382750365 374869
969532260 277786
828549022 87744
428859972 151233
409741868 53487
37950464 136616
625701599 91249
228284257 232107
17501100 144168
457010977 481222
340991783 209849
304472646 430846
651283185 69080
81541322 35987
328149498 6155
204381774 388215
549750617 176789
506776156 66727
539147251 216635
851032254 187891
40936752 19258
628074210 109197
911059816 341615
521794699 75926
799415387 177271
492721231 484497
75312581 144822
172964166 455009
349131309 47659
593844633 278404
56737795 9162
278245025 249419
403435292 120293
849246816 89529
172328525 242737
56827501 319823
851241024 91826
688480095 222614
676262199 184072
306723178 16267
626150433 121076
142552453 102962
234078346 17164
11799575 131416
102094701 210086
21247891 120816
467433757 243860
455543864 8460
71679637 120198
591962280 79874
472583415 393943
386174226 304305
329230158 73068
164667471 60655
44501908 110942
990076179 159133
45246901 63917
319639377 2531
881632990 215177
627522650 284824
559499626 79729
163297191 456605
301659522 624598
750168906 242659
139841352 141230
911248377 150196
149470100 158017
205876557 9272
696753858 33718
872672365 85502
62390153 145159
147289408 157508
310851443 217703
505696398 502997
278246836 297251
747737280 192305
11487828 69970
159294023 377125
344456650 132246
891265905 80708
260222908 369978
99811246 102642
266629488 8041
150492447 132719
611121654 258470
333302042 653355
420289149 285
742677067 771560
917492217 71568
861223865 447266
57418914 33404
382169794 325470
162174910 42046
90812331 28643
356288744 1452
813430587 193661
991883482 615413
19119976 163293
558747621 73509
123577065 66733
93280190 67612
741679198 52848
459231976 421310
949490510 151129
900123152 132192
534722478 183129
947374289 148293
254364846 85743
92540360 384317
626419164 119725
636496924 24933
650647408 353715
437260270 218102
513063772 117252
658844637 146679
834926222 25578
28822743 9875
38517158 211345
430414958 97396
494428715 116332
71581117 18457
411481577 367399
656989065 36039
905426291 127495
733872625 235903
572020175 55019
855406603 72226
675743749 165956
907259326 123510
967380152 147879
822530433 213256
695633372 92407
961694383 71477
79549366 72560
723179647 145603
99126413 178487
225434522 80450
942636635 228856
885876493 19731
243190860 221408
535344580 345156
365167185 87276
844274786 268276
761571572 245154
183971862 148978
642595094 290525
183479507 9642
811681117 142350
242072072 222889
644368227 10270
321201387 181121
633108530 83418
215540719 93539
562786211 133825
70811371 61254
861305597 393432
359162143 1107
591629707 331702
928242422 130863
378505890 159342
945543782 76225
71656745 143962
296688572 138915
746676497 53042
382025874 45558
22037285 94073
238642785 243483
122690246 166122
868193155 14974
325457496 25251
365717519 343447
221962431 221420
9674633 324736
62759607 347812
958093419 253732
658538772 4071
758955795 57896
523685637 11410
945928075 24035
731033910 1043945
115618735 137451
98145911 81308
132512968 11242
477301188 205086
338099443 79327
506214979 207054
767153634 260265
430944447 8622
50094375 81745
43549498 5738
540924359 640102
452652181 412835
144252106 128191
270879089 60056
305493264 60527
161395460 369612
587895869 106819
430555091 280247
2472522 1647
714004288 424485
661500196 214975
316791022 8095
133737950 119932
14326358 144704
611477215 2961
855703002 890209
89336824 104130
895604771 379062
711379276 405984
572024222 94924
313104493 377029
406266896 40091
133989861 58587
568563334 148674
35794472 423508
12591620 52136
103081457 67726
476285745 714795
70973677 161308
639573418 96397
346824781 116685
266677458 34546
430721822 49196
96441217 143059
617693014 399691
830305555 635909
582908969 261368
183268251 3758
814268099 145598
550297059 91978
57748754 119179
787529249 109064
565031704 19384
584477286 10532
512340603 83851
562354250 47933
156309186 39603
891421226 57867
924102000 177344
367113785 317934
534071632 225528
626917567 98120
228872112 429647
593410512 271958
242808279 99247
325839792 93530
72994137 155881
105917278 8192
536321933 132863
54976615 86157
545808924 134051
769589493 28262
870680797 77465
586794625 297841
31826941 8984
207772999 16967
32120424 230928
208255310 134446
615870427 122687
598674112 284699
45094655 107071
186707223 199297
117015263 385243
340004971 6338
323790795 116395
80537809 30085
177207745 170120
271755320 67026
21213266 210300
818838502 48326
123193379 55571
633307144 220036
137427718 542734
