100
5 3
6 21
10 19
31 3
33 15
37 17
52 17
73 7
78 10
81 14
89 16
99 10
106 5
110 17
116 17
129 17
140 12
150 14
156 9
182 1
185 21
191 16
217 25
247 2
248 5
254 11
263 9
271 6
286 3
288 6
291 10
297 11
302 11
312 17
320 27
340 8
349 8
354 12
364 12
385 15
390 13
401 9
408 9
414 13
426 16
441 6
445 8
455 3
456 18
461 31
475 37
501 15
521 4
526 23
536 18
550 11
556 8
567 4
568 23
575 34
592 19
618 6
625 14
634 13
641 17
662 12
663 14
676 16
696 1
700 13
701 20
720 13
737 3
749 7
755 4
758 2
771 2
772 23
793 15
797 14
812 6
813 13
820 30
849 10
857 4
865 4
870 5
881 3
886 5
890 7
896 5
907 3
912 25
924 29
949 19
965 4
972 3
976 3
986 19
993 371
