1000
22711590 574
17363831 307
28065817 160
606366 154
504851 584
13329412 471
27864930 318
24023290 453
15145964 137
22913780 335
16255998 818
19482800 532
11713091 185
11612775 220
32411453 529
7174755 130
1211893 389
27153602 649
25031207 473
6163605 474
25132025 105
8985241 273
13226695 293
7174917 163
25232313 457
25841551 504
32007853 580
5051807 270
12720404 161
1312560 478
15246153 56
32814406 288
3231376 421
9897336 718
9796058 176
10807165 438
13330474 312
19079747 390
10402983 282
28569721 295
32007172 534
21201133 123
3030099 637
4242721 372
30187580 538
32310570 184
1916270 467
21100643 170
25030833 379
30895127 631
9391029 268
17464598 136
30186923 454
1413511 221
5355522 617
25537279 379
9794969 546
23316876 323
33623396 324
16257511 171
14641897 385
6061433 519
18169582 850
23518080 602
19281273 393
9087264 604
32210045 179
20494662 546
12924114 473
3736948 310
5557766 224
18674560 523
24928145 174
25537681 520
13532377 734
2320037 558
8784317 116
9593749 284
15450071 446
19788339 123
15952502 482
9290468 269
19788418 275
4139925 472
27558685 588
29984485 201
5758918 269
32813964 487
18473060 34
31904541 265
23921681 538
24827846 27
30593297 578
13531642 544
20496159 371
26447229 431
23215829 398
16255493 755
9086851 584
29073644 630
25841912 542
15751837 372
13125785 564
4849679 284
18675162 511
17667618 262
6468032 14
32410770 285
21602515 313
27865161 160
15347106 481
19787887 500
11311136 351
15448387 313
605860 171
27559441 688
9085624 50
29681897 89
10202226 222
5960210 368
504200 325
19786465 612
9795532 460
25433186 323
30185446 441
9491565 385
31400767 441
18978048 505
12216063 176
28267528 36
9794296 210
26952261 125
31198612 169
28871922 518
18877196 313
12316791 437
3535327 575
30391104 572
26144127 301
101531 416
15346347 318
27764337 328
12923356 219
22410247 138
16660062 364
26649846 435
6163045 742
29073340 332
6367083 464
4646974 479
9897755 647
27661945 755
24727477 278
24425590 286
27355813 322
29682296 436
13328150 526
6367481 263
6769656 693
30592968 484
29578327 524
30390403 519
22309296 615
8382532 133
26345404 329
30996556 594
2928717 739
33319350 311
3536025 466
7276522 502
10504179 487
3434874 335
9492790 504
23518393 428
19381703 159
24928605 279
1211362 414
7377291 442
33622355 460
25841085 564
4241584 891
4138963 645
29174397 219
13431019 7
32109517 391
10403305 149
606125 354
3432958 673
17665547 534
9794515 603
4242144 689
8985415 109
33016305 261
14642471 184
32814520 454
13328884 285
2322888 465
25537473 408
6265665 286
16053624 633
2929196 372
11914008 762
9898710 519
32712433 464
12922837 398
10909355 231
6164588 457
26345068 342
33724948 170
25332823 148
19484249 249
6164125 599
32005586 349
15852243 31
19584567 238
26346064 237
25538887 214
18573184 114
13936764 271
18876823 391
33521489 385
33015642 652
26244712 34
20495658 650
33624535 213
13024682 368
22208531 603
26446824 651
12820836 266
29984404 136
4140944 272
22005173 218
15045513 441
23923056 133
13330354 158
807883 131
1413636 216
27457380 472
22005692 735
30392090 358
27153963 428
1312311 454
3433760 614
13024964 273
9593453 543
4748869 384
11914456 536
23719274 239
18876415 297
21602330 428
2625935 469
14037298 124
25639414 436
14540347 282
3837508 43
15550881 290
27052848 57
19990717 295
21401947 168
403277 295
30288515 561
4241444 422
5758692 360
25537241 44
12518101 451
403801 268
4343695 478
5356015 620
32005636 809
1211044 534
2726800 327
10504894 678
3433357 603
1210438 671
14843996 346
25740041 481
23819532 554
14843569 630
27153178 500
1514002 121
10606010 543
14439089 545
6770407 322
23215367 353
101211 450
19788666 314
4545469 516
9795987 228
29579458 221
27560064 463
15045278 434
26344900 86
6265169 177
27356002 434
15449731 463
28771494 218
23417547 432
16358013 375
10606447 115
17666355 801
27356667 390
26043708 149
20292076 572
17666901 544
8583545 240
24325411 164
5658219 302
23820662 444
19483957 362
3432393 411
25029860 423
30694117 415
14338574 76
32006137 735
20394133 236
10505377 304
31802559 395
18170140 759
15347836 209
7073956 421
7980644 359
20496606 350
28267198 347
10706701 195
4139444 675
12517675 322
22913912 535
16154612 273
18372310 130
2320643 653
10605996 263
28267049 415
100251 730
1715317 221
27662376 442
27763903 561
17667433 229
12417433 79
25536404 367
22711374 544
4344401 514
25535054 394
32007067 328
9896458 752
23921433 398
10504505 656
20291980 335
909171 161
28166259 341
5557621 183
6163814 444
3535635 526
11913894 276
28670640 246
2524743 301
7174690 116
12922407 691
22309619 556
10808844 291
8382648 241
26648978 468
25538454 631
27457231 445
8683926 260
20698357 435
29579590 620
25031456 349
22812643 122
27457922 368
23618839 61
30288961 400
6971323 322
33217962 613
13733947 263
31803161 430
5152193 457
16053369 532
12518256 341
302826 271
15346677 474
13835721 880
16054092 259
17062181 36
14137621 305
18069059 169
13531107 396
2321571 814
33319378 508
32210044 8
4951247 339
16257027 553
8884694 317
33623677 605
23820120 732
22005235 628
24023546 405
29580299 877
33521235 411
32813570 302
25434365 310
12618781 878
26648798 322
16154472 195
26143986 415
27763033 626
24124239 74
31300167 296
7578440 333
11411662 333
18372399 240
21702880 295
4850053 431
13330126 205
30289243 290
33319695 316
3432528 497
23216171 379
13227555 274
8282117 101
9491781 642
9085627 401
6366500 316
2319064 428
7377236 186
19785530 631
20496316 324
23922113 725
6062077 436
2017384 369
23014553 233
27254446 193
5960560 124
6870938 94
21000182 273
14944989 191
5355216 633
19483159 554
6366717 567
29073166 403
27559108 659
29578792 362
19789455 529
1915999 173
7275481 296
7880113 80
12517899 324
31803885 202
605875 397
28166441 246
32008148 311
33216969 227
13126230 317
4140290 518
32612311 61
17464721 28
2726491 357
25029325 510
29681952 639
31199092 742
26345609 574
11813577 30
17263099 481
26344953 305
21301418 340
27965418 282
22913080 473
10403906 223
4647136 409
14642511 303
10101775 325
7477967 34
31097516 596
16961905 233
7879887 277
26547798 585
19890128 225
9290395 172
30186611 511
24928764 153
19482297 350
22913369 502
2927429 138
3434737 320
13734130 592
9999569 472
31501495 216
29783051 43
5959557 409
2424053 271
10403641 338
21100608 64
2625329 350
4748568 351
908355 612
16358441 362
29983887 384
28367816 400
14438841 492
3937741 224
10100499 253
29578081 548
26446662 396
29580881 454
26650645 265
3029703 285
29275304 742
15450285 366
3332177 127
6568209 207
6769295 483
2322057 825
10403039 307
32006578 582
1210241 487
9189946 325
26650290 410
5457334 60
29073998 398
10808469 572
29984172 244
25536765 248
17564897 185
2625357 599
11210609 273
29276165 349
28972725 215
13531393 389
22510627 56
19482518 461
14037109 193
12619990 322
5255052 23
24626462 91
18877628 325
33016251 298
5959888 432
5152679 635
32210212 241
15551072 297
8282156 218
2017141 397
19079451 573
7072965 198
30391399 630
25536830 446
28368387 525
6164894 186
23718967 447
28367757 145
29376798 353
12924025 381
19281159 337
4343929 779
26851880 326
12923463 498
15346628 192
26346281 288
504259 880
15751823 120
9088306 669
4747744 300
12820602 249
1009558 369
14844497 446
33622993 413
1110019 85
25943100 458
28570010 251
25942827 475
27560617 768
30391877 335
2320529 432
807552 334
20698797 424
4749001 533
24224690 423
29274755 322
7879820 161
13533026 258
31097802 602
19785836 923
2319791 230
403431 433
1916086 369
6061883 404
27356355 388
3130934 298
32410855 412
5356840 334
2017592 303
20698626 485
12921518 644
29579046 515
10100920 463
13329165 475
21502179 149
27561080 624
1312961 242
31702115 98
23216505 90
8081141 10
20494594 274
1009448 352
24224580 198
18169285 525
32512194 21
33015474 478
18673794 682
18776108 133
21904822 102
7578150 391
18271414 328
22006701 192
3231845 288
11512056 270
16760822 410
6060829 335
4849956 184
12619712 310
14844339 354
21804408 165
9795272 383
7074374 216
16255201 202
4850448 463
19685198 138
12216083 378
12923101 349
12923860 183
30996214 658
2927736 761
15448549 749
2322689 253
12115899 148
27255185 324
16458864 354
27558375 626
16962117 56
2319291 636
16760962 370
30186258 525
21301631 308
25131947 142
33925608 305
18372601 214
29376953 426
20495320 539
6972288 386
6060931 826
28670685 453
15651531 15
11310960 416
1614692 370
32813367 208
4749503 121
9896383 402
4445238 147
6162582 436
26547748 152
17767969 232
26651066 358
25030083 551
28368001 622
13227200 386
30187286 557
24727754 4
1211699 504
8483038 327
31904636 657
15145955 75
25433743 762
23215687 359
5356356 786
4138654 578
2827154 153
17262825 249
908776 553
24225201 145
24023786 433
17263057 260
24124254 268
27153079 289
202166 527
5152510 459
505381 190
6971585 401
26650007 542
25030584 488
30288185 585
27254985 369
23819852 535
11713147 320
4545784 656
33217081 632
4850609 511
29682593 212
24224802 528
28570040 464
908172 321
6971899 694
4344885 93
13836272 410
28871807 425
7275183 374
16358309 210
31097328 453
31702153 159
25536009 431
28469121 291
12015350 402
31803422 514
26751680 106
33218258 778
27254839 194
4038179 437
19079256 331
17665748 884
17363931 392
21804117 417
16660111 453
32108589 394
19890171 452
6265338 336
3029924 496
9694100 22
7073450 707
10302749 91
2117946 115
28670929 262
23417391 291
7980401 544
2321043 722
14843152 266
30694424 278
4951256 542
19483443 574
4747790 484
20292686 483
2218266 300
22107253 584
25029313 231
5153198 696
31198685 655
11009911 102
13532099 598
32109840 188
4748130 497
13835093 490
18673539 205
18978371 642
17062209 78
22006114 753
5859293 180
15449301 574
20494993 629
9491524 218
6162766 532
23922539 614
9794324 491
2218505 382
14640630 384
18978780 320
25534757 335
31199553 523
22208315 524
14642240 262
21703890 195
19482112 278
2928286 620
19789113 674
4545432 341
13835416 580
21703307 405
4343370 395
12921371 393
33319999 142
22107663 324
9086445 550
19584686 276
25535658 442
14539813 223
7779318 267
100097 412
12618722 324
9089228 367
18170595 540
31802671 658
9087935 500
2423743 570
19788972 243
16154731 366
9086205 570
1815736 161
3030429 321
27763365 853
32109251 337
29275791 465
30593601 450
11612536 235
2323146 429
7678843 251
9593997 100
4140541 492
10403420 310
6668523 191
8181597 254
24726807 429
31400605 426
24727125 579
9492170 530
8884649 318
7073057 620
10100223 370
14640814 543
18271524 471
10807332 873
13226711 616
25029613 342
28266925 205
16459374 266
14742855 282
30389913 409
30288162 288
31601895 122
22610866 273
13330242 182
30185712 354
2524634 362
29579924 669
16861600 114
19180228 303
30390137 370
29681655 247
9088760 717
6768988 585
23215079 486
2320001 303
30392221 234
33622530 671
25840890 384
32411232 463
4546268 240
27661941 235
15347894 447
4038128 191
26650765 576
3434563 239
20496910 653
33521702 424
17767951 115
26649600 352
4646729 268
3130871 213
26548111 527
33420581 323
5658097 387
25538045 687
28671145 166
18673706 252
15347391 491
4343284 338
2626190 229
27457746 300
16459118 319
33217440 515
29883420 183
22712083 301
7276077 714
5154186 627
10101172 592
9896886 735
25535321 373
14641553 619
26952331 269
25740290 510
30289382 443
18877420 245
20191581 218
13734519 516
24928900 347
7275669 407
12619378 596
32007661 456
1916515 555
30492754 157
25433454 606
18674157 449
3434101 553
14843230 629
13327967 514
20899659 254
29681554 109
10100609 320
5152159 68
20293364 516
32108699 617
5960581 210
20394087 263
14539884 512
5154610 230
17162334 271
13125530 541
32915310 98
18674931 311
1815781 160
21703128 235
11612846 194
33623967 762
10505596 156
12921964 695
17565061 228
17868507 128
29274850 699
28871719 187
22912826 524
2927566 482
32814812 431
30794991 70
18675434 409
7174811 222
5153578 840
6265820 217
19080085 104
6768882 253
1614440 573
19786994 632
20292493 473
16255367 453
15449018 446
20598146 49
11110300 168
9189877 325
20497248 577
30390793 437
32813113 298
12316478 623
32712626 395
25232304 329
25842317 199
26649245 572
3231534 398
13329774 429
30186039 363
202160 221
17968771 148
807533 154
706847 549
30895431 453
9087539 673
3636780 124
28065954 151
19787322 759
32310495 213
22107136 380
33420352 548
8181477 229
18876471 673
24928231 412
31905118 267
27254500 385
33218861 276
706715 372
20091128 255
11612599 178
13328540 573
13633330 301
6266003 308
20293080 493
27965499 232
14641300 465
30084959 299
16559790 11
19180248 579
15952822 252
7276010 246
9492512 479
27560197 566
20799408 234
23114872 206
6770025 395
24525992 260
9898367 622
10101518 357
9085700 698
33116730 112
12015209 398
31803965 437
14238159 207
100837 632
10807936 745
25639132 508
29477473 303
21703541 358
9999378 516
16256546 752
33217815 347
15852239 21
30996034 216
32813870 241
33825368 142
