2500
110502348 157637
47486879 46374
489777146 1005507
647937551 666395
26384739 72296
924195194 718629
225126366 114346
45168582 228352
456909870 361513
919132354 29812
223891157 1016385
888727518 61187
453440957 247002
410082481 376680
596328881 99140
192125677 479427
697036850 34075
141487023 181229
810215282 281854
560268956 439493
666170198 403895
593279259 411950
208476924 411331
781255054 252900
769828988 634112
826562397 218574
41528873 37400
13072747 18105
253521378 485346
775973509 512428
405289125 483173
276729820 111351
774300929 23974
3637167 188822
924980364 539401
772230018 262145
730012170 702064
818347678 57809
709634405 408811
12599078 184097
871773116 552069
862865087 1440443
202698013 805491
122155388 926873
95545379 85147
512914164 3709
4019033 163339
978958160 1023063
472357630 979690
127338394 113489
162246621 386644
367563274 1504037
81536421 138
810778476 1576438
284263411 199347
332621786 294537
781599631 301941
936708237 98031
152609368 88303
35288173 168280
678978616 38986
715647051 148653
116325488 80976
276963911 429269
855481920 37417
989932482 599486
968877392 124182
375544087 113307
214097104 22670
752817982 159024
247054317 59587
865528388 586688
222804686 978773
382094128 414740
969997474 473142
836833578 1148405
703424363 313180
446632622 455595
347354145 345070
570149430 56828
76447816 115571
251573649 239577
947830039 671066
975955248 1311937
494533066 10400
929090900 328578
620741058 49908
107744229 396806
148392215 290335
917485936 592784
655079189 1578647
296619278 130576
575069310 372531
906548396 289117
191289957 630788
96477826 7993
379404295 211593
727696470 370220
785743533 250227
245902799 532697
571091212 530787
118635951 50130
212012521 524674
705384808 353719
674805750 53535
369466074 251986
179598001 360776
263275119 270791
565857813 538079
992528917 332842
665030621 500278
544368855 43031
552564589 384052
906661080 77566
618538303 911744
794368059 1111269
903898345 444453
278247919 680659
826375281 3562
348195680 608929
788212354 4150
205925871 355975
76351394 91745
740671820 1191437
311193612 127459
913365980 22916
412573095 156963
440898919 783487
933930459 62971
157918026 142784
805445513 56949
722637580 475208
351163863 223154
11525177 309929
3699123 177613
89553349 307885
541266121 233095
360780699 15163
986884386 474995
800175377 32372
877482631 15413
729339798 297123
934519075 126332
954215319 462062
553681674 263107
501586465 321120
527801622 363172
850471198 11545
141761323 989504
303644138 137842
148476147 1159291
601384423 200908
835466620 69923
977436161 768450
100589421 301678
270960276 1422302
537380647 1025315
256267892 49463
776459974 92420
650229079 433041
965742441 686686
381405516 137132
489242441 332698
915192234 408386
680651526 166468
967720054 613345
86520255 599455
307941346 791107
62088167 510697
539053650 1341491
354632826 320081
771344517 208075
754302429 112217
893903105 115865
117285270 422111
570995594 607729
754520734 384801
460359650 573912
44553484 278802
563757414 536324
340019529 104666
210010950 32703
16997387 288323
526098422 170406
949120635 548501
304714620 438047
86676195 798879
194418868 136866
89564204 171926
657551232 129588
352109971 507432
956583129 487275
125393030 59760
729074309 358705
399147274 175892
369143307 303845
493951784 257565
6734836 678247
230375155 32875
194235787 52218
305467962 336542
837516185 71441
747879483 875329
201261036 529717
775337659 353497
185788806 110467
374546674 456992
771369867 493531
66875506 228449
282733791 316573
40596314 357221
965363734 312691
575067760 492807
153626627 43931
74712731 498183
713097191 248645
746986720 687307
254630667 867017
758511405 554126
334318738 208551
274757297 431768
143847360 498884
73061110 355630
833819084 557116
616156600 34831
189179202 45504
690991765 126707
716419671 810111
373140463 359758
123354019 44153
708100044 52689
181524079 1071305
940533527 136293
404560039 684412
75019407 122392
970953272 111664
715935377 472052
429309682 176118
465767623 614679
65162351 59914
17637942 8981
256082250 683220
266582736 206748
756598553 34442
35748480 229266
457958571 714182
886664678 134716
189624302 79949
230895552 173586
797657639 583221
82864588 391118
232363919 267537
859029998 161279
160887831 212177
774712179 545606
429794663 242691
100972454 90266
897631274 527107
360758048 173102
712769138 296981
606162782 499548
82176110 165635
286651628 855132
68240843 244776
467367122 12363
864581295 71339
782388388 245487
721146936 462448
619702162 187238
222099737 25613
308893102 121669
510284224 773444
414602378 105901
380345786 79005
554510523 175943
197331987 8290
889948776 310309
966841418 618585
406423894 279697
382640295 394804
536669231 501921
987601286 419550
338481232 218289
76875915 115084
381056424 78781
155954206 656494
500950050 159522
373605058 100220
586735282 177446
957692538 256205
421433050 717577
576999824 1337143
696375006 30120
138512149 275790
847213160 473014
632088126 506904
22741 56805
817624266 108348
664984213 206893
846693989 80997
431849061 413901
138131366 119641
292665605 368135
832607337 303563
102595803 226198
385694365 430521
486759870 58621
453499086 87657
230482644 864682
741945265 345292
27709077 217277
200222487 830493
877569747 722634
341020913 408824
559141611 265844
544552207 152667
883140425 152337
499222697 387219
351675569 294895
679983791 97074
15850905 282219
116229840 192077
412107963 71281
450784963 360956
248432525 1535272
152281198 470072
696895416 340282
393555614 213480
983305036 145152
838095482 407985
296731574 23731
941081382 1021624
226094702 460477
984007630 630115
71750924 68190
984716357 518214
103706498 337467
30501915 253107
750199235 80513
164144959 183458
788845855 687759
733965778 151898
75293721 38719
332684442 279862
782432082 316144
91188145 52728
292417667 102603
924989532 528480
396349027 162051
379713677 1272523
525340261 312421
60512703 115737
384758364 102301
646121836 693951
788297071 259179
264993483 138062
504797593 429177
86461277 41868
279752779 8389
812679473 365765
997727285 384382
788923842 584040
233865616 279416
973402447 60406
300636717 1323608
27866755 130503
142945101 475394
384980495 402123
666637156 201837
483694820 365929
164746629 74826
78858249 341222
545875213 358701
115475032 171486
259772076 221627
242693380 273507
180031092 1285622
56109637 232645
28406584 54613
785530800 48815
270756509 1366384
943367073 300771
50250960 410798
816275357 229920
162338344 99229
950997226 317627
67348355 495867
936104563 335817
245641854 222433
52383739 667377
340609113 72531
611727478 17514
474995560 325093
418772943 373031
123298717 84069
119529877 14661
408103650 349310
515173363 891505
209642031 149553
12110846 31364
882684321 239376
675145831 181444
850742731 19132
264893456 156009
677491914 874172
727476405 216184
556111111 342218
566936581 401877
982171283 2037
113747015 352620
268461943 515797
93468869 1227008
153939428 151570
739525515 1057438
742477149 85880
251869761 768079
75889509 5626
736748727 862185
456771686 993212
211119111 348990
934826415 316238
623947432 487454
215021476 1437640
264747573 24650
157969657 23551
531339894 728853
74175684 311087
228745065 167010
218764185 116871
362922507 298403
501950394 1542397
252813732 21752
713517380 45084
596834877 1198901
283537765 253294
130373235 120723
187179047 96377
801631288 269187
316678717 1006731
206539929 252855
649974994 1007976
112861003 395400
261096515 660474
598557591 29646
918354412 668649
99518431 3807
415505479 419104
279310461 103236
673919937 150288
464484627 413489
986839846 379360
383771767 647972
438071163 661744
964805929 451027
386183874 140583
303475966 16764
298498091 155382
557519870 498201
97582166 271655
482864299 296009
555819521 977263
253263087 524713
594567533 721445
218248079 115230
135368180 175261
942650042 700456
56937433 361187
58602608 140153
413456715 67044
973612303 403049
212870781 355688
861300950 94010
437092651 56008
801694131 296606
472828596 572718
45399503 132478
607447417 326479
972713670 124524
784843363 738137
638326851 133765
86419672 5527
297579554 426346
934423770 190942
874434720 434839
480102862 63674
698132328 758903
993963134 123018
727255530 419875
447130680 877520
17821335 171717
118143794 455047
184355401 472102
466871263 187380
429897521 469973
512611937 367020
349395940 228104
601496240 45950
897399825 56138
936543936 354180
159560950 103160
903045527 559709
922618571 1535370
462582550 466335
580422539 171236
911309073 372051
806346863 1448144
492870841 326697
235369982 389434
69419548 594164
954790126 580185
161341741 753699
130369231 128371
865827603 38827
355649770 144821
661068570 577657
753892858 216606
861866965 811548
893643819 98238
871249009 297825
919478273 145765
657707109 856467
211695179 184393
251199789 526462
518644123 831111
138338647 708286
841771717 337982
224005832 105627
479718100 176064
288090813 183307
319933973 692939
507364916 773839
145916014 38705
644147783 887521
488291195 382221
229773256 101093
303909219 127694
966118119 251099
951480794 643406
393501846 417225
158896708 586295
158892298 292519
165126044 604588
835786 138534
120054375 329984
698895235 443873
450524446 648451
474327190 105858
363958846 96035
714398825 348240
68316532 149976
740744148 213668
981926181 28564
88335509 30077
839220416 963979
950750716 77200
53311756 444284
103158704 274036
892882649 6182
780407601 580
654795377 207420
648730756 229738
37076594 301752
144426651 270877
921910233 226904
206879953 965843
874556673 433779
18248907 45238
794815165 185971
36207462 482797
836591381 18507
449484351 31911
359393877 1045650
98839110 245656
23117979 138005
375432799 471180
432854611 218864
475875592 250544
496148071 996483
591589800 176827
668907062 1079438
106518489 301415
266076504 137069
869363159 367004
767842546 557195
791561054 432409
135571460 43569
24567092 63176
575784266 197641
160843753 123769
417491234 707895
73616320 27793
229203770 30326
513164260 376001
956912300 156906
596835256 655849
24703893 264186
871639167 716094
377366472 276457
946655324 101230
804850843 457231
829017642 510224
292013153 560785
878121367 142512
257023492 271
612042731 2698
484384787 654083
962298399 98654
786066789 686600
111916813 345549
755245217 72208
673348636 410831
127720109 301980
806832487 857661
390337115 12139
18412988 392365
619562751 121055
518267499 135014
815384407 271449
944099006 305366
558573164 634728
476990955 365587
355452132 210560
122988235 68164
514731742 328098
737059312 912344
714806256 648884
55430869 38523
308834429 4656
776596442 1374596
789581958 701138
35731050 468687
628845312 573206
366417443 980514
202216567 278628
448460520 248774
318179745 321988
754676956 191308
674223457 329940
527241722 429823
770947531 203597
761038716 581237
822981238 597635
147732622 375686
24882024 84324
72342637 597814
402216711 194053
373531511 748431
755198387 605014
207316785 747400
971481904 201625
163379663 103329
29761873 131470
237124278 175019
728488070 382422
210377484 636904
465758238 492125
422930103 295868
636749668 601465
65604411 253745
351144160 2890
134697124 479061
87713137 87026
419582176 117249
445416875 290334
967530051 1171338
509147276 704943
59935913 63526
257619774 288490
602905088 1003184
78886913 163176
4602704 535900
985636875 81756
37736170 31885
949921831 408023
748300547 64640
482014279 274977
84495564 155412
302751063 770233
1985756 291389
131131106 150266
109325191 137699
828901417 792479
732126955 809317
275724193 813170
49442307 636977
928607695 11930
90415535 252256
132849498 952537
995193984 444331
479036263 614010
440155458 200142
919847696 654903
554607428 549740
944610201 1229853
53156511 55282
265460577 34682
491037555 84375
654636964 370186
478290441 22984
975066521 702233
735485575 564961
400389536 280600
23415109 115762
844071034 304770
159762329 115842
921780788 663222
285844919 356095
433997366 444847
19572468 918617
633178802 1375466
485675287 158540
30598590 126302
63076360 3448
746628587 491313
189614466 390100
29204991 395789
793127289 349345
80111230 160949
83970748 194125
844856251 72739
550262651 693338
371425518 888896
190224101 934154
978219199 341856
438789993 694409
424338138 39255
760298390 303341
682404885 12168
31175524 82891
772008798 241700
429005236 116379
759718732 921496
765806639 544316
933140232 870618
501541508 270591
133868461 137380
564010773 177075
394916498 318263
827664151 251916
168412615 656959
238309002 92479
46023174 345196
546582593 281844
396270 108702
494074453 91468
50874629 71731
287827229 178314
527456814 276638
605820240 240214
66485367 241800
291964702 47133
519949161 973365
561365954 551204
87587719 739726
295139522 189440
84226303 76418
79841960 8012
499619716 34881
400420630 246801
563184348 167567
861255793 483950
20789987 53497
436794689 126215
756924159 439186
343374066 626197
194993472 60495
662197204 85740
39291254 465256
705852210 81453
394256755 23320
139105832 15737
908525111 363398
988121541 10707
198418485 265009
82614440 218192
657948284 427160
942127414 138659
516841225 445558
294524579 1904386
893297779 207237
409639228 55389
265552054 69175
962855795 38742
365071628 417507
694878104 14758
89330671 46609
68832310 336463
913334737 614607
133809826 598445
398622792 53711
624583307 880092
313862737 538627
849975172 53734
451474381 92898
896352294 431289
749276455 191852
623471006 333087
825963773 205862
79514059 32926
18001088 67453
833806581 291790
907714809 68030
976474175 840905
54113318 56527
916221462 1016420
810433700 67530
618399136 100211
610956398 22384
34478348 149032
880197331 218464
132443997 40540
613136347 1572311
61050649 205453
816122339 629911
819603903 6659
430690963 456827
919379908 207624
245098195 76973
161617254 216925
186387947 790209
40714482 147946
952809100 60365
20055533 523020
513164001 380630
414750746 325295
902555682 1064225
937905412 103238
832013649 493355
482780451 124102
298094793 236924
200102217 878555
321398007 203697
857757313 717572
267345823 203437
892477824 81404
456393824 373073
184174676 108367
171961726 1037817
544522668 78664
331247951 301065
758195329 468221
243381046 232469
45521972 151327
963771731 143597
378604052 374893
757042673 195936
492834344 443210
814879791 357863
185643982 583623
955482275 24263
627059046 1753646
864309315 249784
441768486 480514
59314716 574817
551216817 811097
890521814 792993
630636233 330945
515267369 568231
963716473 228580
924618089 45314
203223785 718758
221344090 125422
893925362 155844
149913744 322072
212660742 270403
261843731 734983
335304158 808205
991251765 678064
592646179 187959
131086152 235657
4042735 209216
500007793 621049
492455532 252272
197902654 19256
177851978 270971
232955132 575417
859660191 564538
234650293 573310
683369427 1209334
378471036 736750
957214506 66045
478537310 30301
690042276 565377
757476189 304641
32675664 32630
964056295 391268
674393027 206067
419691608 849411
909752049 473190
926768958 211640
139310108 562975
220616854 184319
16647681 178252
706780996 99651
653584565 969642
838106773 31191
92035602 359649
393017171 340703
496307711 1321253
301722643 268235
507393507 353882
331713837 123530
9265637 504197
963371337 313484
740389903 190779
759275222 238242
17454794 236623
949951555 38553
73041871 125700
796092884 147088
474795156 692637
63321684 501875
258368302 1389743
250163806 127530
114432601 96835
679352316 260954
620005666 62057
21754739 204057
771019272 229915
701217947 436357
381473381 158671
72267611 735494
910230613 603601
477383702 89373
150540056 91938
470443698 272872
674922300 368080
247114298 930212
867344360 629405
475827503 126254
517325645 813234
728694548 126710
979263904 685597
368083880 980836
618001484 167785
835942315 218592
445971586 292326
226435797 1208978
454183181 826227
817070360 550926
612589176 181993
40448415 24109
309459495 984990
64866370 268180
260632971 169747
41079966 238628
822612443 360826
991305834 868223
110498675 189762
793802353 38180
520424035 995609
667463276 1081380
839481050 997357
779326443 152872
645705777 309261
331800918 726728
809249777 237984
460719782 665991
960989333 594931
854281194 1040540
340316 440115
678736135 497590
222476070 87526
536681085 189254
193772041 199829
91952288 108909
731363930 189927
608621257 133946
276383826 152427
67550199 116254
84349100 283291
585591761 391818
331286684 363104
174229288 757490
386060998 55493
428433773 263836
875349976 62241
803050992 266972
439388965 39494
712480268 161144
939395263 935486
138077610 7310
663637597 757439
62635556 44385
483657008 26384
417034268 238846
52023537 70627
562035868 152288
622469572 612193
476561575 304973
80232362 1024
869824291 207256
58788458 349022
773144014 270249
17909262 1989
980616728 578059
828458740 329871
437724619 711895
322107817 12843
43658902 201437
293008503 1045745
41460396 249723
643202019 363656
342225909 980296
356187888 86287
505891631 434668
747687764 107205
844477234 95562
993845975 639636
467514196 120500
619663256 836
935515867 182416
387225257 181732
887991816 344417
350802454 254046
70909569 11266
671902317 396717
781651188 146994
915878194 297544
670845836 139349
322729926 679948
337370507 338121
210026357 169607
638141747 1986953
745401695 262604
901151742 17724
660221388 773351
557142341 65192
395978230 246408
443966538 1133983
377211032 67063
83854869 357220
925606633 941444
513702064 393214
134920169 41654
358420700 365161
113785524 146027
712593307 91819
260487190 497221
401380171 444483
540616629 64868
353858309 42970
222017133 402597
718784973 326382
36268063 761684
790568376 224569
622274403 1156889
461872973 352051
88445608 191230
836030836 81837
96238917 291415
467349718 29423
471062162 379405
79888795 136308
425735430 11908
551281535 56334
277564253 413755
505032531 48884
310462741 420791
449542555 302608
112606810 11100
45809000 189892
69556648 227089
701211143 235060
825228699 199116
64120343 212958
124353784 705974
918883245 222249
855542860 1417131
136101538 495042
511487854 201573
284952325 41161
543542853 153294
679980036 288125
141853005 216809
414747251 224354
669614589 979003
714170122 227207
954725706 291170
390313298 271310
693798583 778580
910479353 550618
430639720 281063
914326640 316502
985304895 558521
175203248 287961
847202107 315502
192446480 873396
445521588 86968
54685821 201737
113468392 181051
774686754 579546
799324168 682342
110813746 363063
429249312 419224
290221265 578377
374883795 137359
821640318 59922
25765734 95547
146398420 841763
482382697 85052
298083439 306274
552394932 967234
173116712 338808
340981889 472304
432117154 177092
26587752 653345
212250913 257944
406933367 47868
932309216 6005
738927549 171322
920721135 315952
926835719 356293
513551918 22499
720020893 1023777
786973142 1091344
423208964 518420
115875359 149211
218029042 261622
506759434 466257
20886179 75259
288415221 304424
440840775 727595
170269969 454596
442641711 469301
449621265 287640
136177557 472345
126338908 395303
453723300 333520
195856325 758577
152962358 42874
511772024 48831
746485702 34090
369248405 143567
242425800 874915
769906084 304288
48476233 295911
44905954 350266
621089442 210395
284235463 114286
891513975 739100
163920776 581597
532417688 77102
178260774 623375
522747618 768357
580397815 524261
950859965 363218
278481491 291490
889960909 6255
887582975 792830
867522655 551295
688076650 215476
337764595 232133
808257309 287168
652634101 1792001
243619359 5019
747760389 15448
830273210 35366
372503181 358001
131375654 30265
851162333 328608
16007675 32836
692956577 197428
969620843 236336
362323167 505433
376340415 505991
796275015 722354
317955609 191002
412648621 59400
879849720 434586
536583789 75362
15401913 251803
103414889 212288
588051928 257453
458274599 404787
470794985 513273
23911558 250985
850757117 342339
357178528 163418
762743796 107306
468775592 95928
239791291 172991
63919866 236628
480063138 80935
612720106 98259
47367934 102602
10675147 194616
95609595 295774
455495498 442970
35329580 53305
900345281 121273
32004483 244127
320112137 649729
435393225 304467
21176177 35882
663018546 393820
486350929 512993
733267933 472786
23295302 160818
225857576 49220
77489171 721315
22643731 169713
804101155 20242
759087254 201650
563000404 612120
249584515 252010
651004143 581555
779563516 614900
699209251 285308
884075140 400922
590014930 286816
683392846 885620
544960831 312805
815643935 123365
855583251 877115
78486794 252942
722548989 275702
274779039 210228
951358713 108044
494349438 508940
504278879 319154
125063311 266318
646069339 755288
131366860 88124
777025738 582360
66610977 180969
146000743 492822
640158705 874434
95302263 28689
123097333 130991
8391060 164639
641416652 1538153
798638548 271730
841155991 31213
406251034 38664
116657423 282221
845450857 678838
97247441 38943
769006193 304365
213344162 62391
168760244 210927
751771776 185081
745250268 319484
766920991 703492
229172204 107019
318956482 32792
524335915 311517
270197997 391508
716635790 902637
286978603 431089
57868297 20405
369734736 584015
299019494 444084
42406786 225700
230299363 124856
24985114 814098
866292174 238334
786722414 155124
793061068 489053
257622993 440664
896994156 417560
324096363 950889
333136936 343213
970755565 120657
915040282 542362
996309205 268837
754036502 216593
517627307 514733
166138846 169640
984844253 287579
60699357 137845
211825997 66331
228884482 45440
941261150 845352
231414824 146777
774251257 222554
49018377 63679
197121049 152227
656875458 596777
37855235 77387
873288971 1028450
147695767 3119
734420229 35376
891957854 312055
153175540 146810
99891127 837967
165830845 124284
878683970 370872
144302220 65642
525027491 954005
681297892 129677
751666697 1144433
27231919 403242
846862300 295900
264685146 171352
859056252 350522
920287872 197721
235571068 601032
25884404 566396
599795303 613006
848918322 38247
154694782 71504
851942290 798797
173681207 541842
833364864 145425
60170196 153181
129638757 470152
868375120 213101
171740215 132254
121575115 140771
51081766 361415
419285383 83304
265836928 139728
586205934 185724
128503290 649132
973682912 135093
238629703 256819
935162573 488137
359449765 1054716
849342428 271658
829866039 33000
702653684 296323
988063537 67766
988148641 1333605
974646415 72849
209145040 678240
137845071 84063
700151070 1000685
555757705 44830
123767650 99871
378076695 250152
505229670 127278
957615436 347307
321025421 208585
935908222 529445
340373587 47292
576672674 185366
106870227 115062
43252085 181403
631289896 227472
28269932 896577
711583197 645486
391426042 683957
290830208 1734
809237902 50491
272505391 191374
86249849 143348
465285200 82378
236883117 379046
39366939 126950
333360238 296087
166697423 453338
435205761 286021
4321132 243482
578351408 811156
344401436 1446968
150727903 246218
390620921 132509
707452265 476966
395306444 341626
872770709 371616
61066148 143932
34630650 300392
919716474 30130
114757198 583156
392695789 237676
422367095 75434
871058411 166549
800105479 865283
876972787 81728
199836024 166443
546644247 623438
160131659 81317
397252002 170571
143473965 230940
312140092 429608
851986950 309574
29597362 155881
256786724 830368
369913810 1428116
177319686 424940
905138024 1040001
108750277 1007332
384270419 131077
611506275 158070
846913722 119532
18131426 193164
394143194 6805
929942178 1071113
938387835 493705
262006054 756148
177886225 258434
636395206 1646574
693042497 711269
823240182 433030
117148644 422057
88837932 310232
254664202 1317903
14976359 238201
81031031 98543
18817591 80365
267654140 435869
14758422 156559
757657863 360070
542844948 268998
846137697 353096
266657252 401671
721250752 610478
392671159 156176
834902423 347641
1959177 281229
44256856 324182
899076981 701218
140993340 273455
51554566 213144
648201890 224292
986408676 320003
453043646 374276
338782772 756844
990562729 623782
875466372 1418176
126311655 365286
616047888 464856
277531684 457671
386138338 428049
151476788 755982
531951910 290658
410026779 334136
346249936 667795
279021716 595171
338015347 419372
197345150 366635
13558380 315780
814299125 395600
624919349 256985
52111927 79131
686263162 435890
960276676 615253
89189091 167975
934975118 136669
621056200 303426
309125493 870299
999170825 629751
834651452 551925
909427239 522233
901883328 301895
803563184 846041
693957963 791991
531018035 210188
9828135 119427
857227382 268685
533233250 668735
557656982 642592
426328024 14367
795634939 579813
578455068 1012169
682365484 46128
886567254 180726
715764352 80942
106228719 384489
352926947 693161
635847332 467496
357638492 369155
648857703 31065
548668633 72579
575779524 543309
387703830 73708
85197202 313006
55189298 22229
59610555 70502
270228452 300400
83560649 196410
48491491 212815
216551430 1349714
570408116 447786
336781578 359845
777988918 593693
137415558 324068
611786190 308566
105205436 183006
892359660 313651
590435602 685089
957354274 138422
455328338 97382
932607405 328506
842930122 36528
983264392 308551
254136179 320437
824902186 120013
329472487 549528
280774021 289658
214750225 201349
628934505 322460
97697019 146476
52106588 87868
281528113 924842
135945915 138583
217561807 445406
948404430 73894
323959276 305127
89391630 120816
277150853 100735
789728425 22848
589427357 929054
894402068 214277
530579204 544482
708930253 110886
246762126 137022
115405063 156547
79584802 283192
63235845 211736
498896484 473036
734996022 417990
526148313 56365
346312216 226862
500088900 661531
328215287 242277
645627984 327742
451827017 586223
488400417 413026
71610764 107723
80452998 83720
485697780 404324
822497426 333800
203980968 529615
820226578 529167
443616438 1307901
569244091 540161
581166571 254643
53278104 219322
145677650 86687
477481662 355487
336760263 457526
154617912 43381
992303485 175768
878629879 1004819
449945240 529950
709042604 647340
54323249 113190
843483826 62940
870986478 62930
484204926 508589
529139085 355947
263727634 302058
819033707 800577
363943478 414731
980054308 6441
981834502 118275
977774780 34737
357557378 123229
348968622 227761
160672956 23524
110112823 214018
717667748 864935
466786486 326332
50730055 244165
55380249 166109
455818427 22069
718061681 455654
821890241 92271
841219603 1488794
32046142 607309
602099563 1994601
46668702 592414
630111977 205856
742894964 1339235
739231965 191451
881204518 850097
174484506 223921
101002240 713055
387609928 328571
197754033 311243
599957901 347644
83553099 105949
340866400 59533
388192143 70652
711761619 679170
176253369 347013
642229301 51479
627811268 342675
688169424 827212
259840635 175999
832620472 230958
662245657 728728
163327958 289540
719193613 39801
714667063 105583
884750061 129798
971044831 184147
697601436 236921
694798554 1888
820494823 35007
37062101 145827
68543503 284785
96824335 453358
258607360 445479
420627520 109232
31592856 135049
101810238 67154
987827446 149197
55593584 402410
276589898 338027
86180400 112107
70698616 34606
10714266 50970
581235185 768360
57982877 119071
64434227 177745
727830395 415846
144392732 639696
377363667 508865
82607242 133767
680511986 150795
48141276 35834
665845749 91470
2714800 58036
459067864 110129
46409097 429496
267438062 202517
780763891 397207
685077238 1180759
529536747 999521
225432168 358025
11042530 482156
844832829 398436
50197492 428796
204836042 896229
114993265 381885
81685452 75699
33037515 118369
169622903 347855
394932225 2455
66843665 17944
677898354 615212
922506624 1387698
355853328 135135
32760284 1581857
825987415 159239
307149460 770207
213320801 215438
437079596 281294
64449556 163467
908402183 9805
995777834 421508
440020355 18530
69324510 4020
283746189 447448
85423944 614136
661140359 370848
607879201 598499
42723334 527727
537817423 699922
890851488 610663
753282367 54680
524332028 578827
143554934 146610
579554986 113676
953749594 99310
243641686 715652
279965302 441779
818104574 535016
327718736 303416
660269943 773130
765549333 72016
958626242 500309
542086377 574623
934652489 79083
142911016 104855
832148470 382096
338537171 158559
780692932 429616
30789559 600356
361178833 260215
413824324 915465
1238221 134820
121630056 104733
328336386 471944
98390872 309046
333728827 849181
11043813 15851
162735604 380488
917830988 445615
319312718 355670
662012062 132141
80493590 117605
959244292 966483
125790877 495494
474262364 165121
875214915 65892
220293788 398531
451284439 469690
119891523 885138
964928163 78973
808417671 38589
523652578 78486
472184402 39969
355252967 72861
725594072 622825
850480535 58571
51796232 259243
876327499 61025
314699224 790294
421052633 1265147
687325196 81141
372563983 338573
269946537 57826
222488042 197283
846442344 82909
944188894 220524
459656402 69014
59024492 88759
988389978 75048
92963704 499015
534210894 776445
848078465 165041
105624946 518484
790741446 199914
11532009 197376
742004864 389095
234302321 83214
76626224 96664
179322728 346407
468427112 714244
407571994 757344
305500832 215305
763710486 1330213
105477822 134987
813383443 356269
307592248 70580
197531267 158772
965611112 107786
604770740 407293
814974420 181355
288546134 523576
225103347 74762
706657170 685356
912503814 546696
409035497 375794
746060065 488023
76252095 82482
459520728 363883
495351587 141706
613065515 182117
137258356 252630
45695757 253969
157460707 183088
386628920 767023
928640752 710334
699616145 363644
104739249 381258
178283514 716440
16898831 512503
868284471 248392
354317217 872573
481267214 43697
18393673 322368
123729146 145918
325396761 42348
441871149 150052
955671958 673731
448251665 28591
115903789 324716
539433114 476298
604747291 49432
582475694 1120741
831447975 370685
411110923 398450
341624103 57708
783239709 1151348
523858252 388745
810877989 1217163
869562075 189916
691034747 1401533
465033615 676321
585112480 169368
180889199 7384
540435247 424471
418253435 641805
729958872 925091
169916208 330385
394240107 154911
176695056 849367
130779332 214486
273006879 472690
145576501 94044
843420212 603886
183838031 445706
937581188 253008
75683913 362583
607039048 161026
126781124 192424
128170402 189686
390751693 582935
698229305 647596
116635288 5876
481156505 489514
657582319 92984
713364547 13162
7907294 96535
725173289 245568
279734791 217133
347899711 505320
6236047 174545
352623608 998897
117126302 4619
145237572 341608
969417118 576267
456084995 564221
997264547 267832
869866220 253411
250294152 643670
821729295 221182
191732521 318813
188392458 709643
967014330 389314
434207494 166121
761505655 742953
535844819 102165
252039038 103648
542722621 555165
707943532 33133
514122620 1001435
470290500 370272
962235062 212891
947269776 423704
718543746 351053
306378953 499690
70874542 333138
355939868 59074
401200657 680989
873786083 39433
850282165 56225
204201138 532839
397549161 999718
534794080 772798
71723986 292683
866540688 421457
208499071 1168
265206279 180995
980885056 10393
170343503 844569
830142423 332579
88955477 104720
347273444 547843
321953798 450509
78404396 270995
102962335 127534
488919714 125279
708521734 30198
614742415 1249330
394017938 142678
343632850 181556
714841245 333139
321458219 165668
705982356 321631
762256169 91174
998522967 551362
703328183 761734
990881398 311951
953607435 209357
351624240 221030
408560241 125156
114282617 36255
995096140 644456
108271111 286650
99336848 101727
487132305 3777
473662397 145438
615135387 281484
995829460 101438
689788980 93769
914017670 827543
405817774 40432
880418214 227883
511033594 37245
966557503 71523
461578487 57106
411195192 143567
81818263 263448
862907934 982563
54108407 186127
38004875 494331
201240009 281956
489655704 142727
704881731 468532
201796805 797834
56440537 438378
529327400 42987
620000611 213935
131548581 166482
748830990 1164299
427403583 79394
173764296 434705
852743913 638715
165996466 237571
895964450 244891
107237379 545093
127859675 85443
375097023 186437
422326227 391680
440386830 220385
22127791 186762
57998894 172809
356197422 13500
975539169 270363
595054521 16861
655664322 36534
9803672 756255
306279550 396958
310811108 305053
110725530 537261
341539664 325607
198119376 872675
707421224 193883
699737965 215223
402618747 942075
261553506 171904
819916553 197468
853461702 298746
561322110 613991
954266759 458589
11920719 362109
585227877 349278
57092694 764439
997773645 404318
349434297 332107
591288257 243305
409627665 158773
553829761 475881
871125575 99333
734204741 324545
147742433 514620
365210612 211340
724431701 475176
89962344 491029
38332794 174197
799833568 130070
103703489 333107
424207077 168248
986099470 597294
657152676 397795
570016026 255258
750904764 44116
942265269 193254
713199924 5025
498224153 587938
158302148 125645
849326460 173749
92549364 123649
98144636 97833
754348835 89659
963064238 610278
5986085 80007
318023164 20694
993092207 400906
397967286 609029
701705290 877808
736471889 141315
280516825 275892
725509030 1119566
545122057 236882
399228583 238983
629697754 24638
62196220 31806
901232578 1126455
344040596 1784487
233631745 311104
165075697 384523
631752279 1290439
361903903 206079
121909341 89197
263499452 4847
911340984 324160
992523826 419238
266187170 196650
427588266 892913
608953819 1158271
273148929 467061
949323295 62134
911900973 1356107
229793058 93679
447164455 557552
809600396 274486
708201967 408130
18487 142562
205784014 205616
88558178 73962
651336975 288642
442704076 818017
542101578 354770
508963175 112117
950575613 182384
556929106 500401
381672637 82657
406372386 241578
436657775 149444
81946259 144980
189411035 79614
952329003 1072479
960667665 100897
981449881 5921
181910535 885764
433649416 346421
888534610 318651
521831621 459914
361275764 218011
77816180 29445
900074452 545830
887072509 116246
695405175 812464
738452721 586823
463675079 483493
681588229 564338
335850959 347831
38825700 250425
221263776 205607
595922929 540097
518327403 209950
491540057 933521
363190715 262638
52225833 506501
610841912 480825
907493271 647119
101799651 446469
659395259 364348
141396720 172974
245791963 51497
389163552 1046305
111337857 107233
61646631 93063
634772811 893496
881075758 518480
448905190 245766
84838342 122197
93197139 251366
371556602 499382
118321806 20330
196094662 627192
349971236 81438
824469153 535373
497810622 1033684
60192643 136852
853647591 154176
543313192 360692
135749587 199874
120834561 336027
571745457 993397
945055178 88023
195399679 160420
9231511 167655
14484052 348465
94003210 860901
290868965 166511
686497752 316938
574294079 591710
679568173 295973
600777506 247882
904485830 205960
124069080 338714
958261431 110590
284777782 696120
118666261 299674
70638180 117150
567592774 1241192
605697451 5116
478608297 882296
79321314 248938
2301423 65784
245152136 200059
2792302 143286
609832825 482438
588440902 181066
153763909 168659
219062393 471617
14249879 54577
121162943 374406
316276466 590221
586675202 106297
872490980 330422
667539730 261312
175192855 584674
334945073 258873
720174782 171905
960049598 222403
567148415 39582
176637463 49808
400779978 27007
778096334 757136
268118685 710207
287925845 160182
194627985 424498
358540112 411937
751209965 196950
635076071 134477
601724738 150173
546426513 58441
663064256 76859
744455990 171976
978512035 148647
937537769 232250
376607125 26028
617058431 220955
240804175 742755
391687592 237855
157217507 379934
302458099 88563
579541636 33237
782826286 1363420
321199864 62151
215313566 481154
928032174 174868
528784362 337360
651846065 549538
495257116 613696
804498812 938787
623972368 76129
133169143 145873
125778228 273392
989525492 719234
732589520 107621
762492307 678446
237302856 783866
285916538 324496
434741190 384747
237636443 644887
281087194 1279902
102591863 194033
76862930 69159
210441893 593122
690389391 179175
15209521 148039
158179871 78065
162755752 422700
649725585 101670
102338599 189561
568838056 124943
313605741 458164
356754627 389143
522134658 228184
516343738 466342
461490220 155853
487440403 586904
431165014 257730
998737460 167305
936992309 248726
672817579 257226
304144447 595486
314955446 73826
139245866 138334
350538346 535733
454366088 323608
388114748 275962
7462625 742499
565130891 699731
388402623 19730
996382278 31560
218528476 324606
206358960 284876
599085260 560651
489248345 401272
844147967 288285
587966947 229349
21761242 272829
214239387 660024
844486163 323301
51481639 199200
744255081 9737
349830344 554715
742970992 710633
164881389 46190
408614448 73194
584014168 857799
877379804 106627
591123485 300409
548970561 1783473
516425873 316133
482335029 211694
945851541 582929
706155026 309321
417811760 66894
765208199 166217
82975159 99320
502322977 1403775
802389858 687419
893245585 64415
724018533 1078951
111562132 643205
246006000 447982
222933147 200574
499638567 273180
425701997 119427
652330545 261820
765872907 579523
267244199 32010
455342569 96188
752815208 375145
675353448 1082259
280010728 322804
904456341 276929
291297318 662033
480234717 824664
341979077 294349
112510777 198274
458825769 278017
593650731 450275
663540103 697642
697690802 259058
98179532 82584
318390934 149222
412142040 381978
860956423 258289
73848354 44024
436143059 61276
848152064 146070
124046137 19727
676889940 413738
22179909 192544
731556530 329312
972475100 605635
463757103 631905
297202097 421689
236719887 7185
984142011 293822
546410946 164317
110011420 339243
34344435 47948
312432602 469872
825066264 476918
467382074 165836
820918070 519425
942626040 196589
788311616 21586
219308585 6470
326223934 434557
91696833 142814
240917421 492361
504116671 416018
338749837 944576
572364639 1639043
647271908 211805
931779016 494225
787046671 87504
827187785 618775
689251285 85876
547698944 494374
42827602 215654
931578005 651483
936971863 477050
160032650 125796
182837214 999725
394638484 160276
199109825 887373
791482195 20464
696289568 605815
607101674 237570
809526460 241288
805699136 611229
814386436 5283
65386177 665465
883088555 867671
882135623 566099
527067723 93464
393239252 259285
505754928 225789
958665848 193904
701955584 209208
643123512 297047
446268119 123702
996594664 644947
322898573 411799
356946763 176685
5730043 314468
130882089 32242
674797738 21249
234172735 450630
997146108 23139
608060868 154752
710108247 17469
453300677 60140
895975328 236951
586474610 96186
105197276 251586
529870481 415373
440466676 325215
951751988 414452
588694651 539592
961021324 1186718
751164117 81105
567346735 643004
227710546 189318
205105985 587203
939116815 1198920
880530284 465936
700014466 121659
842727824 676496
896219390 210909
82153264 173389
590502611 182321
587534723 365380
378255502 29206
930398422 376719
49031242 292927
884801197 129425
150825991 592012
971669136 106897
6800595 375974
6536303 130746
1523944 414611
416102330 949628
971861880 485917
565250531 591798
633626819 992007
69104705 14324
128939081 87534
616951686 356380
946068437 300876
715959009 76227
240160854 167674
31575579 294535
766468258 602290
154906882 1023862
522530245 927369
236667604 150370
721998330 245431
16644214 116152
768202514 72610
112341467 99416
635741544 300543
886275403 168233
269923853 133625
640788808 586405
620482053 341214
851187982 401058
434759376 172872
735638437 260037
970043590 413208
153791461 41974
77095159 109055
401904199 331487
396901047 337473
243873066 776117
689146746 341183
791912478 658783
357302892 102042
325225713 54649
586999325 772999
796651974 241459
48799468 67672
446364636 159788
1367580 123159
263731747 19954
780245607 284135
946636424 405918
2353120 285411
311281469 17498
20593889 54914
114448793 235235
127660287 25215
630786820 1406
325567996 1801375
483211274 331908
132440672 42232
158546564 123467
92665930 210840
812364239 230163
704530547 593645
273682861 21137
694841907 469561
175886279 399976
592065887 829142
925606526 93841
413330642 348278
240165181 111819
225288831 511485
43449203 40815
586171144 201198
351188445 106994
815800752 40749
34719425 257592
80848258 633390
852773062 679221
233061519 427898
155166321 88999
527953020 344779
630057852 17707
778917578 441814
382809257 141985
121796133 314081
598273518 579417
119690297 78914
885048914 804150
165783346 52506
512034985 409929
600928170 65081
484122557 79212
798862428 369238
431459267 186480
246466102 431366
56145816 247327
658720994 438756
105837726 305977
487214398 777389
402973994 957074
128171665 241037
858434032 472886
126950943 245632
511402843 164381
772594249 253184
570470278 306798
659748733 22435
545912076 67702
182855700 93776
43818097 147346
658605870 252670
463034198 392213
75324637 338852
625471537 1481086
80630024 80256
661649992 435417
631037589 372653
197142214 56533
238548551 594570
77151090 213574
725278078 9171
135415814 146545
644017136 1458231
188618928 224793
21052271 613623
998308953 21783
685270137 253676
208226085 202671
432939826 238130
39960661 408497
190851154 387418
117738307 60566
836559840 177037
916793325 413283
700563583 364728
96539352 184903
509167837 93382
682559672 647879
451765609 696078
241711196 176803
763394589 1146946
129299293 234625
894377409 103188
601817452 155142
39871659 433324
195157194 355452
73933151 549331
392392183 257878
516134574 137625
898225555 1142308
517183465 65291
49763690 36559
670944675 137031
253083396 22139
194336852 127014
91261031 463023
490841771 510674
920628193 574392
962877437 37494
286385393 3025
241742330 463103
671771791 314824
313059384 298382
385121103 373013
940455562 304263
24057017 210318
184715362 775540
389207885 833119
897836346 295285
379555558 139875
845334078 297320
483738071 354802
681175788 300801
129806510 316732
131721099 356089
366811376 27238
797214571 114366
392554969 35859
140327686 738484
805655529 157232
532822852 1371411
584148483 250188
289420270 262082
213727217 367048
816849964 623954
560029222 656315
13143250 892038
686834905 900197
290375018 207951
868752380 278245
779587049 561862
384842361 1666
425845406 619955
797483916 1125543
247989685 312638
625835538 60670
364519570 395302
