2000
933248020 874600
909305287 38944
356398262 411274
37193858 182810
258695938 444698
947470770 562658
733494343 473454
661863321 921856
327915909 420364
307966479 686049
138626762 186557
641259574 948464
535605748 404021
350860089 53074
690817002 647354
926230667 192023
538519211 298982
43659682 603832
241001024 237988
55354661 983546
175460458 190215
860827768 709903
731746784 147979
348364659 754722
133699452 47649
2624592 62382
867888138 44988
365028016 987562
889352783 425991
897514774 812695
220316108 571736
255278559 773653
945452704 878283
704561685 1766068
616739833 244267
152151992 458400
735289408 111430
368266363 2099920
34854353 18466
243294846 348635
180933155 1053446
428297330 71123
578766419 168941
36419625 483084
192950875 245780
771248002 482905
567100911 464772
357722194 1220612
572730341 602749
315068110 416129
338289584 1080254
82873058 781083
514806717 249025
185088868 517567
387511926 709780
60113936 494256
935315375 712491
260466235 535175
771344464 886023
34258661 188060
34942438 157579
453225901 219383
793337314 1646996
247443568 783896
205772416 1050535
910195853 707872
390907845 24439
703268258 999859
534862031 879784
296664124 558386
519859941 101208
689974451 54194
98874504 309804
523322253 1166733
725288520 152333
764033027 1388888
113555629 483203
218895587 659580
795994720 676206
264039961 317960
37216113 435836
355682181 473903
229943475 382092
40435127 507937
606562283 949476
767155505 675448
653698315 114350
112517490 391550
130301932 690213
677630102 771454
653928565 318811
94252053 220002
490195509 377783
663465571 132285
334930386 1227673
62112979 387625
772277188 1122981
467709181 454827
867891205 884058
647650236 965348
906600103 1808170
88362122 1547787
564922575 574354
184745779 275695
931329049 679034
367563476 939360
916107426 562060
522145245 475068
633487667 146298
965008209 1211193
475038521 303258
475011418 13434
824546457 550840
558256499 220917
979984173 91793
631160099 104279
41978749 147227
200721416 195315
606366696 72776
305536618 164318
966787346 121949
315576082 2501050
482940164 809931
600790937 775553
813200030 976508
595612084 1646856
684065683 204815
734516392 250732
18280979 109170
294546605 769707
569745592 1156150
170044340 626910
518278673 499231
863018563 177127
42032175 317549
228914382 67202
404041117 676208
503701213 325648
504936998 569058
519588533 364527
125697872 306919
206879467 260289
124419451 459392
721744354 407130
343121732 364526
233206060 880685
116679024 610007
848963411 493124
824518070 252287
66317008 234807
4268283 281554
184765849 573394
451425153 106201
644118358 177367
73144969 215191
57808603 372873
33053220 236515
269610739 48793
327721676 490637
313667939 482425
580940522 331833
573301200 166751
28838771 599132
29323374 236967
400488052 1190813
728298732 125691
190333168 1488510
36942287 69801
127726746 752549
543686684 122478
850607738 658886
750634006 926871
696340143 1496917
923037114 817726
735737523 943342
643978328 183415
602555619 569619
635928131 391675
406077046 54435
889262785 353314
165907432 682031
462138791 610951
575162993 298438
285684693 112073
857257431 115124
148047761 1424194
808042271 1101378
456514250 935269
695194518 919430
279248134 873850
544862911 899952
998817089 777428
785432764 352596
991799324 342875
505102636 431499
490540140 507959
589331465 1167749
338199643 507845
417002843 705809
298145352 420846
868034540 1274671
791506561 193874
812735279 33953
204729541 742482
853119066 108105
931274681 522313
849544680 475131
719688878 890214
30500009 646511
19580102 403665
321759093 227172
901350514 767620
87046221 14647
416858613 2939
633584124 249968
684237747 1765170
851147249 250867
685694460 484991
198617419 50782
472232758 56856
380476142 990718
35028576 421622
854216053 1104677
26082733 996967
788491790 691516
454529886 295744
79155967 374073
386572701 1145114
223065383 348068
324877626 701081
761992660 189871
182808204 964557
251578497 1082483
908365734 770911
593502728 929133
623705487 608815
33724775 492955
115423229 208514
492941203 108247
558460074 41017
386408935 963503
843789324 232271
226920968 233016
318163655 1374021
341295843 69679
75883481 245676
852512474 453844
145124757 584463
522741927 257993
743253676 193854
365992880 194861
141154696 720253
46997385 256131
129832697 30600
459785309 62767
760824211 253801
922821668 406074
382674469 399602
664566794 547078
470087946 1289142
97507703 1608840
79134089 232351
894878668 555678
904035849 315093
64247484 737153
977799236 612075
789168198 205200
913969397 680752
804828013 261539
809148155 924056
637198943 816981
562299957 2276580
991670607 380247
512049908 678308
576057036 999632
752486828 1114147
18555417 457936
245324914 306492
525302131 293297
44454942 280904
402879816 458945
598475807 785722
89706889 283594
221544311 392178
108391370 289607
571532507 730966
94504065 795440
622826789 1289169
659940888 423760
70949665 171302
124627887 433119
998689775 235391
615255642 1098258
578432209 70083
96495590 675211
728415759 127264
40215727 214118
393275631 1713441
758807139 175493
210091467 1033219
509351744 859145
342086014 850178
452769530 544488
644202661 315492
862588276 418338
552901164 1230638
445863580 425856
75773886 156720
265211507 1998751
858432327 486287
574522423 131871
242252732 862735
271912525 587191
270006245 1172168
730788759 57648
304118127 1452988
991332164 156816
284654708 710520
259200915 746138
977771565 246467
123488145 396653
145288164 1793020
527946746 672629
514919315 255757
174158288 1345135
738114448 572936
543408559 27322
349242658 623570
25567258 276426
495279658 108801
75386215 27303
698936921 106101
256197953 445432
399897888 308758
936319286 427837
492250867 128471
626776535 315190
784916964 177932
374821110 294552
880894958 227088
374491769 201992
295167473 236032
560090585 569029
29811707 185766
8620734 275440
597633809 863932
995216676 1718587
726635959 1176478
759976145 520616
581812226 318415
58289897 1560435
408281771 106042
434740469 67365
809863320 1616613
35122455 1241262
876685254 161456
108943707 311086
24436674 401390
204186190 205140
413550981 186568
900637728 640551
43487309 532610
479268340 874950
850283463 720511
340108223 570817
938649274 625607
120721322 537105
104247338 482835
476050934 269500
483800119 194483
468656642 622541
142692672 560585
923989484 1424281
777755395 89191
212720510 222900
5999103 387146
346598712 557801
649794541 292261
99380523 301502
36039246 406412
921638372 834886
626257838 507100
362122846 1572374
239357709 53140
967813419 675109
499463455 813358
898774816 346924
133802592 253913
675119012 1680409
443870981 547088
622112922 443535
344607709 707207
128594153 767463
260882779 488719
934578606 412872
189414710 533195
969524180 681407
827405758 491343
922631920 367640
416065341 408103
307579576 627096
314446583 50878
968753195 654151
555427100 593072
268386382 1156696
162395241 606388
818910884 321431
37978747 443747
536025629 920383
785188666 294514
29953917 772882
392406230 137238
373398544 1076821
935072087 822623
301854133 1693398
460386387 832678
179164193 427265
87895055 403274
753718080 729539
575884035 126010
440110288 371719
693010561 676708
658283202 1466383
502322685 735684
296904479 570446
959402645 171594
521800665 216292
17342755 433553
929827727 257553
737795735 766843
761101550 342180
938867671 618498
459617442 202442
723737781 515354
611189778 558515
239261935 17785
183366667 581201
403330581 198847
38085337 607888
735122607 65577
606469377 412282
396645675 213496
225988852 937118
138989862 478967
115623031 194310
441760292 707235
956508223 2228720
28024504 489304
552610230 1134128
464078126 1271216
301842548 1482208
70548603 288387
622522675 82186
829360983 551226
595407846 196866
53879743 679931
915281645 150154
972200639 413574
768716497 511621
224989711 308051
121157133 325591
228353624 212086
153167747 274871
568693407 279259
446628156 1032741
131626411 30283
758516698 299685
463790749 494273
751950616 166259
107034171 1342821
734761773 287377
24374090 315920
920279242 306949
194856997 443134
494198914 259199
844056565 1189915
631183753 201687
104766160 644830
101160837 255580
775181377 1035668
285503569 188957
390362807 461406
15725494 626810
212799086 1782015
431483853 805294
381574294 553543
40791650 389244
628911819 1351700
514193938 254958
392784796 2138527
479183961 122351
742928308 204390
878894700 1354112
585203575 1086182
260294632 11564
954170700 586385
74257531 180156
671795844 2012741
242044654 1035041
939537106 143259
646910742 664148
147276014 114824
252727264 1849521
173793792 193607
725353576 527455
420406916 507499
333353825 1218529
403983330 199730
570925096 274085
884494639 581613
179352327 1085161
635395121 534107
928692761 1109683
702161774 842277
983704935 827887
660852534 437962
984861147 510427
404262202 1391343
306397885 670445
378798291 822892
722638324 741755
997890536 389207
701181728 491464
246137810 74025
529836738 1118123
229729189 462735
87814986 394943
741824306 1136812
515251952 1774050
375537997 414188
675075558 726722
480405087 1761565
531267991 1910123
455138216 236140
561154213 150749
477659018 562174
415989545 48088
984648055 671056
47732249 951086
632226291 386396
909991395 317980
474035141 688952
318627424 2199926
886210273 547430
194659550 225510
425891817 224392
706427346 702847
208208942 985608
290096680 832650
219052577 1635991
14346320 1016946
646228603 199260
921617826 164893
552557515 54388
9221445 569251
599996657 1028483
551897244 473449
988291187 125093
785757744 216915
34661018 202266
588601340 1428231
904152705 1240814
1832994 360038
618479390 566332
189217867 113673
94471690 296466
101671811 198283
248530854 696598
866712875 448667
350886664 193049
239710722 596074
27274977 284480
565270389 1821595
450546748 843244
216743106 929643
988927854 541586
144083667 222657
808631322 1047107
326406385 283198
372159347 216043
329370824 404775
235460101 343334
650810047 119896
357666645 668664
43449033 66973
25450493 19816
143990043 37191
63779623 653905
496741530 1123105
777271766 206425
890662808 606400
956629037 2292374
715485302 279934
911391052 933794
465760903 447152
62331317 549759
571351155 93758
32130 693976
275288327 780122
343061663 215494
15499137 327368
292776393 464548
730173253 173011
340204655 1119799
986431824 547969
80774240 422767
881126618 762464
79030237 114651
854980247 823183
245340998 655340
72429580 229858
283243021 342661
466403027 757209
320326376 1197649
536004863 24882
687059057 201265
91139990 191274
63208424 495172
77171690 228404
190197146 1517130
762382355 553934
99208512 62677
447256066 694200
334754935 422241
439551209 138430
97316244 1487006
297830532 389071
986899930 353169
431306257 843809
851542108 299827
833100058 1287488
863503517 1454545
298319755 942992
942241744 1268488
293468370 109084
866210884 919059
693429653 450990
573569674 658733
422465758 1060061
471377854 484109
925643813 553192
19175278 205837
779400686 1279977
807277038 447911
688538183 915336
116200975 688426
571145025 228908
865618744 124552
239565277 196726
554284811 423201
582411794 461335
746113412 35924
126507684 140148
837308933 1005406
229635973 228321
411486078 1352830
520194344 510780
644308420 1050761
748183560 94529
966872367 1297367
443289487 847331
325378006 249011
611698100 321855
50936492 898381
613187576 635322
871647623 740026
227285764 970601
338008081 107324
532775444 1504466
694303719 596010
982894146 332603
400256728 746655
828265753 758970
864221908 870264
594712423 56580
571686840 865791
581009378 402091
121360640 840060
69227691 230922
698676699 215362
236544339 60232
557708365 590086
284281586 261187
550663522 767034
506467558 1084956
322617576 910251
489497973 433057
720591182 1206673
893262358 661064
980110861 161180
688005571 486192
459822800 181348
100863141 311817
119578571 537355
712792775 1742763
8612538 2881
636539915 870390
475793016 232749
913854919 299890
252287410 1124081
843138771 564813
577909861 207192
494271944 769871
303729305 1752044
980381876 687210
929845275 991859
825675186 777068
782739600 275701
969684015 1028075
584237670 982812
197476357 695429
7679255 279043
13320410 290021
249599991 268925
549848482 1278192
88269971 485204
454977024 161255
554134525 189424
753268056 589076
664149825 59274
938074256 314805
628319711 515136
279885857 976290
789734172 1763455
638691514 41360
101814407 976065
72440766 479254
418035404 550978
857731260 689376
583395024 443622
894504326 533191
459935032 884354
989967386 700730
681119495 299206
77513292 88472
856132029 350142
530533382 1099203
76839626 347418
980865671 1752460
823756666 675309
569598838 1014489
468121172 1120031
401573640 553595
81218793 31160
999235704 394791
379648001 745245
563867576 991166
847520734 72136
11243426 283817
605588537 133809
159481169 954885
194489704 296207
517888608 377101
353585468 1154110
740057624 873906
408525148 427470
946811796 904121
395926117 303271
769403104 868751
645397348 431896
405265765 778884
677723256 2607909
832586009 300068
102421216 1123066
683111051 409790
568155917 604312
14208923 1064757
147679829 454696
768125891 329490
950828436 1026789
398135670 446664
158728371 689785
442764716 1032356
915971448 86732
343304484 375998
452263294 270287
963573944 796424
588053197 869975
69846511 220881
156835587 689670
617573245 310485
877739822 160634
739582593 983520
803369384 843809
194433458 222805
495316382 639284
732857415 260114
614623319 375408
621277098 68688
674202408 106615
953493823 38855
566580874 549810
427770819 32129
884060770 438290
127028499 205048
112680217 511121
310032198 1725502
974010304 913158
806854714 739248
547406685 493131
708832701 592285
122725930 744618
23868504 510657
48415056 435358
67878468 237873
170882781 854243
765531829 1467597
22166456 963267
797137652 864932
309412197 52263
686086489 769013
13514163 177681
700145973 271077
89911866 501533
556417224 1149662
983737469 968250
308616367 817395
70373677 241113
167957670 147420
849448613 157560
523110004 266867
16207647 771960
506818582 1292140
919567025 794707
654543286 417478
634684900 947519
149798818 554941
12472180 90542
372607349 16751
949147911 513293
72738141 503204
399568508 74097
119082121 450950
140827963 358229
433088307 301145
131801359 633145
41223243 2945
307056674 341856
898660979 401669
104511045 311707
739081941 823702
244590162 737125
180475404 1331572
322384786 80781
187647217 467398
845293311 1738113
500267839 322494
87688014 179107
138139588 335785
736807223 944152
484134292 1071457
46223262 796617
153817373 1013207
100837135 91080
759379236 230316
112922159 405917
749038096 533212
185710610 233092
131481426 135776
687571449 539592
52498947 791787
839490978 910146
547926880 568477
947964582 938011
796960488 786728
254676670 321003
384757237 644147
772914226 513929
673678104 455182
702941476 96898
839599112 1311019
610099034 1067583
714180138 694268
546184760 1556908
414332408 581191
602773966 717955
454700165 398598
329494977 1354631
502147593 148117
518225088 107869
751314647 638739
445912851 388967
428751715 2137271
210826828 1329344
634647172 539648
953887253 49955
657278739 2024878
736668889 409322
389685641 66852
113713478 627844
916356560 386975
955087516 930186
486225147 616391
720288878 954139
458533302 664538
27615495 156875
621500261 453649
960136536 968384
927826084 144369
954522086 474068
885664480 412803
601495392 273242
272657851 857378
770279573 541794
65108346 361772
778558835 1234026
397237501 112615
788400361 37962
830975462 224438
821810213 412150
695890820 1145351
515400205 1667638
556070081 618295
153188534 1576167
21052165 589966
639147034 508589
111276981 691818
936385973 1650067
79965071 255132
29641421 241280
871255912 431000
154808300 923163
538282939 251152
703216595 40716
612363269 798750
650897431 823835
475342866 97336
257953203 223803
135975759 534598
380391413 865273
66748191 69107
510371179 55490
70988983 372214
101291352 341247
52081407 605484
727910042 93147
843703431 230624
261185800 773352
288221352 903745
580056082 911767
328301825 352527
840986029 871063
92532849 578671
382255937 541856
131179901 357861
894334741 131152
873529545 97457
758259841 284463
755812887 1124494
94096686 45833
632031129 243330
818404578 572724
414115902 660983
347747479 580198
223538726 811257
359742905 1247010
617274297 498883
640356802 1058503
824109042 411126
246746032 961491
723571755 134224
752104831 350959
12265090 172725
660197708 738582
397849395 176762
780577246 362487
985560335 1182771
646765620 280324
445376751 124838
828970462 136182
52866891 831796
448104400 1969
883770846 591884
272682140 1355053
520173697 213202
746130072 116792
931808985 1108777
749956456 538346
783187370 500272
743829792 456874
369114151 1848903
147253672 27690
400147139 211483
787908 734246
76008485 337255
355114810 333972
134271469 575801
971705343 903314
293479242 773396
766850942 878849
968384315 447584
60923493 498134
579638334 387959
74930163 421994
178774097 539658
81659399 25464
487577646 1256033
495843138 470360
171894552 1095270
37705950 272403
480123766 335697
92046846 40821
748005951 252816
168334885 396283
38648047 678636
918259105 645298
562139504 272681
224160223 694363
819094970 504275
66919276 211
869205570 513460
347397976 226114
283174920 387280
978259739 238574
761347286 524389
686501835 677137
762017595 552937
19063507 32901
5707396 225195
31153978 877390
125549466 151104
992390788 777502
591127594 611030
648726741 1318761
875892060 471543
916020383 292348
676452688 393287
158966970 768106
451577905 135990
334598752 297595
124891802 243757
923325381 661418
241856960 122108
989470219 255477
628798471 277909
182042447 315495
462376208 745934
472445094 1942948
398830719 426292
891747421 698149
763565596 804697
756219450 1072158
445460725 255566
56300683 627472
731020261 463414
103601806 5277
339319292 802257
560757853 414669
345603237 148247
826126917 512540
140209392 508424
882525254 190465
397582781 100715
426218884 1050326
919483598 710694
146971472 193463
671305895 1361343
51416824 682313
455358256 724023
812554008 159948
574445357 22677
176462968 770373
586347607 170555
232925007 276258
496474342 109702
616840005 596737
322382974 18758
583872880 1131092
275165376 175656
631897658 77060
428012657 107198
581894033 689063
731440371 436524
171709528 721409
583632181 246210
435499788 711168
43257085 126923
776092344 405721
483337038 494860
379340636 690591
895883571 437173
20592551 776917
90133795 430040
80085691 262008
92085940 424155
761851744 110173
11791496 152186
84029426 365046
406115235 681979
115647615 228769
237707521 158817
746756144 943953
34291115 535495
983292626 420567
943191437 1775317
2936727 204048
476933565 531813
161468098 1324278
894037269 398569
48746605 677605
757766126 362955
449827085 948904
211474425 766547
759869488 86546
87151384 265829
681533581 1046658
113241030 379161
107025076 73897
835585889 207860
114804285 454426
36619903 381107
417859515 412227
46221481 101518
195703330 223500
132918857 271668
126951913 163938
655619069 436154
136335438 417988
71410827 23828
946103684 674953
189712848 592613
402725155 408744
11649820 268022
177482963 712940
844975031 1017429
193220404 99850
212209961 534400
69513688 161406
591653446 1453997
674328477 322556
139625409 212169
32051124 992715
53773705 409001
643248339 376201
838918831 609219
747472895 491649
504676537 390716
798011095 769569
155291948 1181030
69409349 139976
442613573 446713
422966300 1113256
199003436 1866409
556963155 1277061
254350084 245674
645077514 459766
25929887 337747
41942786 46417
975034642 1296
483859672 496851
312928705 567463
969295941 297023
638082301 463180
238275917 757143
313144122 577617
222237190 613161
76163265 842141
503959862 953687
407095262 581937
993649576 551436
911976089 766963
815525258 2054527
523699131 988409
469336342 475460
42703012 449307
853048188 106724
111935840 336681
813495335 767523
73806179 478443
105850993 181215
433894406 246044
203087228 375017
871819976 1245248
101507191 289353
134213811 388994
926327503 380873
61791002 258910
520505978 980354
800990965 344826
321082706 650957
804596819 162614
388291430 1031410
216100946 215001
917180678 1733
601807811 521864
182048158 611770
345835688 516611
363835309 1041853
274719805 566304
539236409 1470510
627931301 203875
665399563 467994
418858658 1565001
586370815 855664
757925481 276966
329789117 1131939
578870058 98872
674699869 105185
424343556 754987
906306444 1739159
899809466 408933
4456685 347285
137384080 202003
802460562 520562
817736701 851395
670120191 1008171
836391549 90893
49100252 1090458
910976436 811744
724219371 707926
545130197 2139237
59818157 221939
819393759 494441
2990932 401531
885166211 769882
924285237 1215682
121787188 621384
133180423 166661
144487136 285694
99856163 547460
576417082 1656475
426980497 626251
778173991 309225
832081226 526873
321852182 170814
357058551 574962
11941347 101711
139063376 529529
120043027 336994
122484502 804605
144548295 470198
360703418 1398958
944980457 657667
351862853 931765
757022866 306976
407316501 436554
573383849 276520
90857573 406211
438341873 574494
33086827 1040440
87333077 355129
132025227 879668
157142544 1394137
158148208 658490
376412545 1308686
106232123 505122
620227407 912451
688456387 160333
120177734 962123
133492567 46718
215876599 87402
806317070 605475
801140405 818698
258939126 765889
666725878 813305
610624505 646896
137477301 690090
170754698 905290
652019288 1708465
366794537 1214879
37641308 42557
286269262 199030
528919123 592775
708396534 327033
167676536 244116
454408648 260092
966487870 231693
23330558 990464
168050707 366176
332567824 790110
13850905 156126
144808584 366649
987869041 162222
425995893 712436
407739377 84709
79386998 454898
700369780 348377
94915591 813755
464901196 561548
72058917 336113
981556072 1109704
977270155 333651
191737517 579671
878739851 79104
460961981 357387
811639636 71545
800288179 707494
105331969 283807
366476773 996267
244320789 137960
241830214 88500
858433434 671828
85148787 485059
281919518 452598
453692407 278505
50386432 900468
915186230 136652
540737806 499199
307148497 535188
68815059 310512
5443061 351645
142496314 438229
315094101 1383481
551876850 54976
745626754 272243
493932287 95648
744362915 998985
883082517 503164
656265508 1900880
533548429 1377233
77285965 251046
343866560 124862
222046014 661776
80551724 99966
879903756 810040
331126832 970913
414783355 517117
209148905 614022
218078578 422727
122361878 83158
423913012 502530
693963020 739651
608054302 1300299
902120968 265099
542096853 561125
258270772 426100
218875986 136656
6853892 705212
905514505 57955
62049766 156200
370567601 819906
203360981 280036
65202553 828276
896940721 319068
455392344 1026483
669664350 983313
377729208 158112
932960607 32001
293980630 700252
678769830 1886697
333483880 1090304
273880596 569403
912534161 1079442
707533986 282500
354418058 414098
364488467 905493
207781881 1143599
444775871 351790
856752859 183349
224756858 244711
735069123 95077
418377761 719493
236869700 472522
772106381 790713
366251710 400792
889803844 521225
482516030 138917
961607958 1801816
37659824 128822
953702343 93730
912850387 797617
787075840 735133
782549017 94154
575969533 42836
178732673 335684
73718495 295103
940817745 460249
654085650 574797
217588042 893501
262088684 312075
991086843 382323
701875479 57954
847941202 830738
492966746 472807
223042301 101424
288946182 1118252
470349821 1208040
163303972 561772
798659843 679325
106255655 737149
700696811 794265
193348642 57497
950395413 1147296
799654491 91786
799712644 109721
209241608 729773
718462179 1383803
337453547 503776
441910101 724529
595048668 337974
230793363 1728053
765395562 951397
543753644 687907
301387213 36247
1725472 180419
609714540 700198
19839430 1166387
789732132 368084
95338558 1052109
210018323 302706
716387962 1151975
203809734 433049
762888579 367995
78451778 198892
457360637 937698
825538376 164528
378375569 190635
196611487 1117139
642815838 680361
810734776 970882
124261062 114763
12697926 472648
701964005 586346
93415694 556414
260418943 458394
198646639 1140394
932992839 220226
993577980 416477
413436481 63832
81675090 55032
831377927 751830
421362069 419948
139826078 497026
659705202 472654
135151466 560170
691975713 905849
441582313 223866
785886838 444859
561398809 827587
587159839 705720
617802700 638305
347875544 561943
213408054 1435379
152869876 29415
290947263 932565
792771567 457006
351339532 414057
752369622 863280
352680003 873184
432264855 613371
624764588 1424949
385569793 846688
10317297 464585
829476620 1112554
225931527 116108
619511783 1049612
599181951 94554
527932075 422678
754547864 806459
444419838 622309
99520016 432063
878560418 216336
424503220 822385
842595811 828004
891921231 1198635
167304107 461727
747719065 392086
665115145 35798
110521324 190734
4818287 298197
836634573 478697
743470205 353546
47165860 913558
235709690 538538
616285284 421287
214663945 770757
851543357 691804
936223423 161953
754096903 676276
3610998 380363
499092651 137033
105906194 221586
188332112 964619
215601350 172941
541201475 35596
902976221 64475
309500119 2083092
31597686 1328919
295724236 217601
521466532 453006
415792482 21060
350940700 306246
536175397 1354288
738646949 572465
965954055 724837
439121057 14866
413024161 60285
443169 969298
861434437 637848
389860732 460203
897065424 1195035
2408755 180512
612580369 649008
513370899 164607
374941238 325763
382886742 444981
19342760 72896
11989995 392451
802161299 323365
889647076 459277
941596508 1314922
567175518 926776
140612408 496647
322859427 751562
983189011 148862
238011804 41619
776747852 472579
927211550 432628
859077906 410345
117182919 216151
791941953 693835
872539687 677858
792888256 516726
466429732 1414913
430041282 1385246
681895961 1451135
432628361 628976
677438945 80614
83974462 79588
786186245 856423
61250803 798809
841547759 1175237
67136943 701188
763383993 257361
328596697 598544
421444898 458285
90604361 466578
848813308 263673
296079461 771749
602189762 299446
114665595 146946
375352349 276181
994019276 2170783
614290156 281797
125877266 404083
169007214 913164
744942626 928894
138460451 252362
57442738 477430
244533297 114698
216267261 265685
284108074 192065
614639345 1287281
975580432 1318195
164436136 1398249
403747451 260697
256318361 458030
358577426 780467
884877648 388478
867331085 446283
975077422 430903
989868513 107255
837596957 901886
503412000 331962
187693014 1427226
346537291 293471
703977003 712913
262329631 346011
68606207 278503
371404870 614247
701628126 237336
541278809 392266
348958097 781635
114941465 336416
594781440 383275
555191392 330437
890523888 434176
201171054 2096212
856943652 273277
176647512 1513213
437660335 290458
260138272 105080
150741745 203235
85505104 497451
804689430 238664
508780587 258109
710610656 3275827
996666224 672377
910630770 732792
668422691 907007
96027911 762252
133914856 349413
978894153 370693
625415140 1138507
399130698 251577
830773191 423318
172891884 262965
888260178 574395
40290537 454836
902127240 873832
729626141 367168
243977094 246554
363030442 1104510
817604099 290997
109208537 312297
631301445 84498
722599075 319447
109269253 575584
156022630 930579
951608539 256019
221689469 503123
395242270 171989
438597042 370554
582798397 260201
618073837 823299
398565971 392525
849607020 688074
18690939 378188
136537680 442503
823411428 586238
151632954 877794
549624031 477568
378184117 2717
914807374 453090
763247127 105026
49610421 1096802
732058803 767220
275505430 2817458
488336608 663934
954760222 702919
63072347 204739
525761642 163341
173606798 39536
68906007 309299
741782750 1090242
118023532 689084
5220752 99162
79759376 177469
295888297 767143
119467834 461369
749513423 506086
45615977 444814
639581548 467812
337590295 506553
207654516 240439
100214460 624350
989459909 223512
661083905 1109603
482658238 150056
616449524 356449
865742680 893900
934298140 178984
314828578 147726
861635933 1225072
91605568 329895
345072384 580784
963758132 1092621
67260540 710563
587242224 916328
558648856 621954
311760986 732504
448557350 1228675
665332667 148130
332348194 743948
522922836 237031
285762950 147689
397893842 642215
498308548 465696
729249422 273920
343984809 717935
409268412 1017975
855324966 545761
452667652 52447
710019773 2219253
355464364 365317
680382475 391393
251435184 826
538573195 578190
978853322 50644
881503829 801720
794136599 1382401
491150310 363519
878086833 481659
328947151 494997
822876114 492260
755279218 793761
805290848 644359
292278799 868459
448223720 569412
958773148 273438
428415402 82372
142319323 365740
964830841 460406
698362566 379677
493341017 641392
54728286 1561014
218730731 94956
491211595 571493
592020376 1647328
135376943 881640
41567282 356013
878798380 973221
267703976 1414537
814864661 1066690
127139418 1141110
634016994 629258
745889773 217799
21683846 482363
551273041 442907
699659751 656582
465909908 349320
298566934 1424287
800192059 583281
237574649 285056
346989008 446936
735452985 1017123
723058883 626930
917634860 654293
946762530 567150
192624446 113459
3655956 516195
241209844 299165
83563861 119675
537370600 387557
526597577 526876
118316752 680050
938419183 73794
246148248 994042
323539713 195565
823271943 406660
421923506 439475
284378825 270215
934779647 453494
21491839 322320
537730373 330439
517303403 874033
54584816 547926
86458957 318079
651453984 1730178
627391429 8787
778200579 311233
961066116 304979
961602087 1633245
8793244 529500
518372145 884077
548236732 1585343
279150444 130719
956485364 14773
743144362 160417
671055998 578430
323686252 1485098
42993658 380150
191975907 384289
301071266 145908
409949299 1654551
3396782 198639
240588390 191152
123326572 184354
882744457 421407
372738651 65525
874402559 1597612
148948171 1250117
716573382 1939503
134825718 56654
335642096 882580
774150941 405090
876787885 341052
334592873 25381
590137828 1430480
683428702 772866
952129174 735545
561252382 641642
459211797 502328
691955760 732064
128792115 764743
627007538 119331
887024704 653576
6172218 688543
629742977 647477
256869173 165060
604590116 792728
926040523 196522
852797888 242322
887867060 655711
497290418 978690
453711812 562788
194277846 32129
926650097 200708
632519463 565412
500279468 1601961
373497444 1110725
289901363 605614
18333198 353264
440695504 966291
445662799 162779
857587926 748430
860735086 626235
10401977 1086569
594185193 418526
2518178 120506
434211305 441835
655818469 1360993
944717437 324200
355320214 148164
729433940 238094
26416147 745272
709223775 710543
150338908 418796
728664324 460546
848115154 720697
390797554 100465
85972923 264100
401749365 1036655
941390270 836078
626610414 221961
110279861 166884
24841816 518718
555164066 73037
59959096 246389
388782731 775515
498178347 589862
703088564 49759
900883362 501167
58173039 1229794
526453659 171938
865030377 541910
804955612 731774
22516031 992519
664399542 176433
721866857 543358
776520726 624739
141412979 923108
730303296 271169
295494096 358171
846148335 1030075
123836104 526635
726204600 786794
939661903 618534
196426725 534079
637661745 423317
456127027 668144
492191694 92766
891359309 521543
819750720 1055560
508533634 322264
514449949 319637
854091502 789978
694965091 422175
162841508 312012
361077934 1125570
159845597 2295417
606901921 1443420
65818067 635522
74671766 636841
519441029 229671
248642888 631986
553890813 378770
596272036 1567918
970291608 645651
832718306 1349607
425214765 593941
699250090 838584
133583882 134428
921840808 845369
166863117 625087
624258357 81872
349821080 861034
56629017 660132
449758746 163064
267512673 110672
949351796 468125
570614226 475235
643517871 196946
16988827 142928
312028946 559040
270033097 1613114
743477990 713464
351690348 940574
638434734 146628
43439352 42183
767743134 496132
639800110 1443068
452012153 144046
200905260 1437365
699102776 268193
733246629 519189
952151001 952308
282535427 627898
628282790 340633
420640715 758491
278174388 939397
543847690 1139884
267560908 791629
220998064 575684
295329206 284286
70015498 244909
280125677 1248966
114101017 700522
506142007 302690
236971369 567386
378711686 423387
886770686 610047
653737064 92570
316485700 2057899
440360993 658821
178276808 341512
128298833 304185
409005812 492245
81889025 1376782
68147149 590281
223347640 726113
513474765 709641
103012019 591171
985346010 565659
286226811 63555
716005539 78447
906162796 323134
434153690 175329
820281953 1568973
92306704 458555
287689120 912051
251561423 224300
71811089 432726
112235510 207634
195146501 726610
927504249 430445
103826524 526232
991485869 142201
895214141 602524
17718833 94566
567591764 954778
895467894 526959
930275717 851009
163644063 344415
774610254 1251705
341940741 376409
227041492 417074
2182120 248377
42176590 395644
971242197 561337
827924427 718729
256663313 185575
436719117 1226012
84387458 1066359
351083175 318224
781324557 866355
777516390 177587
331106417 888981
283580971 675226
973973067 858059
641573763 1413227
403453835 422058
126817491 205517
705658649 1124059
230466026 1138259
193338371 14691
909443599 262923
8185577 53932
669068161 748611
243738878 172856
375276529 212667
500927511 1208635
63311755 657988
781841878 523625
805701230 532036
814703324 803449
90481295 308784
110653836 950883
882539473 385025
390189420 248781
353576923 398343
576017360 177280
896645788 408038
859385188 337287
239520661 173898
421977166 674626
667498979 213277
663719162 169721
633922610 303070
16518599 533715
143322933 498800
541495833 784781
396083741 407965
865411738 320435
254853274 1053673
856385427 152624
297510013 467726
790142502 1483904
8200917 196830
604232083 180948
375911263 239002
193410974 856653
948889343 444431
198078066 155209
28264741 963112
697576470 911595
286371069 1525536
648008226 1173135
569103747 192711
282284854 219864
169770664 886235
784445989 542177
976012472 960472
12723964 547885
709992409 193253
458252061 864956
519069759 205555
899128413 507340
507995007 183879
988371840 508060
